Time N_Deployed 
0    0          
1    0          
2    0          
3    0          
4    0          
5    0          
6    0          
7    0          
8    0          
9    0          
10   0          
11   0          
12   0          
13   0          
14   0          
15   0          
16   0          
17   0          
18   0          
19   0          
20   0          
21   0          
22   0          
23   0          
24   0          
25   0          
26   0          
27   0          
28   0          
29   0          
30   0          
31   0          
32   0          
33   0          
34   0          
35   0          
36   0          
37   0          
38   0          
39   0          
40   0          
41   0          
42   0          
43   0          
44   0          
45   0          
46   0          
47   0          
48   0          
49   0          
50   0          
51   0          
52   0          
53   0          
54   0          
55   0          
56   0          
57   0          
58   0          
59   0          
60   0          
61   0          
62   0          
63   0          
64   0          
65   0          
66   0          
67   0          
68   0          
69   0          
70   0          
71   0          
72   0          
73   1          
74   1          
75   1          
76   1          
77   1          
78   1          
79   1          
80   1          
81   1          
82   1          
83   1          
84   1          
85   2          
86   2          
87   2          
88   2          
89   2          
90   2          
91   2          
92   2          
93   2          
94   2          
95   2          
96   2          
97   3          
98   3          
99   3          
100  3          
101  3          
102  3          
103  3          
104  3          
105  3          
106  3          
107  3          
108  3          
109  4          
110  4          
111  4          
112  4          
113  4          
114  4          
115  4          
116  4          
117  4          
118  4          
119  4          
120  4          
121  5          
122  5          
123  5          
124  5          
125  5          
126  5          
127  5          
128  5          
129  5          
130  5          
131  5          
132  5          
133  6          
134  6          
135  6          
136  6          
137  6          
138  6          
139  6          
140  6          
141  6          
142  6          
143  6          
144  6          
145  7          
146  7          
147  7          
148  7          
149  7          
150  7          
151  7          
152  7          
153  7          
154  7          
155  7          
156  7          
157  8          
158  8          
159  8          
160  8          
161  8          
162  8          
163  8          
164  8          
165  8          
166  8          
167  8          
168  8          
169  9          
170  9          
171  9          
172  9          
173  9          
174  9          
175  9          
176  9          
177  9          
178  9          
179  9          
180  9          
181  10         
182  10         
183  10         
184  10         
185  10         
186  10         
187  10         
188  10         
189  10         
190  10         
191  10         
192  10         
193  12         
194  12         
195  12         
196  12         
197  12         
198  12         
199  12         
200  12         
201  12         
202  12         
203  12         
204  12         
205  13         
206  13         
207  13         
208  13         
209  13         
210  13         
211  13         
212  13         
213  13         
214  13         
215  13         
216  13         
217  14         
218  14         
219  14         
220  14         
221  14         
222  14         
223  14         
224  14         
225  14         
226  14         
227  14         
228  14         
229  15         
230  15         
231  15         
232  15         
233  15         
234  15         
235  15         
236  15         
237  15         
238  15         
239  15         
240  15         
241  19         
242  19         
243  19         
244  19         
245  19         
246  19         
247  19         
248  19         
249  19         
250  19         
251  19         
252  19         
253  22         
254  22         
255  22         
256  22         
257  22         
258  22         
259  22         
260  22         
261  22         
262  22         
263  22         
264  22         
265  26         
266  26         
267  26         
268  26         
269  26         
270  26         
271  26         
272  26         
273  26         
274  26         
275  26         
276  26         
277  30         
278  30         
279  30         
280  30         
281  30         
282  30         
283  30         
284  30         
285  30         
286  30         
287  30         
288  30         
289  34         
290  34         
291  34         
292  34         
293  34         
294  34         
295  34         
296  34         
297  34         
298  34         
299  34         
300  34         
301  37         
302  37         
303  37         
304  37         
305  37         
306  37         
307  37         
308  37         
309  37         
310  37         
311  37         
312  37         
313  41         
314  41         
315  41         
316  41         
317  41         
318  41         
319  41         
320  41         
321  41         
322  41         
323  41         
324  41         
325  44         
326  44         
327  44         
328  44         
329  44         
330  44         
331  44         
332  44         
333  44         
334  44         
335  44         
336  44         
337  49         
338  49         
339  49         
340  49         
341  49         
342  49         
343  49         
344  49         
345  49         
346  49         
347  49         
348  49         
349  52         
350  52         
351  52         
352  52         
353  52         
354  52         
355  52         
356  52         
357  52         
358  52         
359  52         
360  52         
361  56         
362  56         
363  56         
364  56         
365  56         
366  56         
367  56         
368  56         
369  56         
370  56         
371  56         
372  56         
373  60         
374  60         
375  60         
376  60         
377  60         
378  60         
379  60         
380  60         
381  60         
382  60         
383  60         
384  60         
385  64         
386  64         
387  64         
388  64         
389  64         
390  64         
391  64         
392  64         
393  64         
394  64         
395  64         
396  64         
397  67         
398  67         
399  67         
400  67         
401  67         
402  67         
403  67         
404  67         
405  67         
406  67         
407  67         
408  67         
409  71         
410  71         
411  71         
412  71         
413  71         
414  71         
415  71         
416  71         
417  71         
418  71         
419  71         
420  71         
421  75         
422  75         
423  75         
424  75         
425  75         
426  75         
427  75         
428  75         
429  75         
430  75         
431  75         
432  75         
433  79         
434  79         
435  79         
436  79         
437  79         
438  79         
439  79         
440  79         
441  79         
442  79         
443  79         
444  79         
445  82         
446  82         
447  82         
448  82         
449  82         
450  82         
451  82         
452  82         
453  82         
454  82         
455  82         
456  82         
457  87         
458  87         
459  87         
460  87         
461  87         
462  87         
463  87         
464  87         
465  87         
466  87         
467  87         
468  87         
469  90         
470  90         
471  90         
472  90         
473  90         
474  90         
475  90         
476  90         
477  90         
478  90         
479  90         
480  90         
481  94         
482  94         
483  94         
484  94         
485  94         
486  94         
487  94         
488  94         
489  94         
490  94         
491  94         
492  94         
493  97         
494  97         
495  97         
496  97         
497  97         
498  97         
499  97         
500  97         
501  97         
502  97         
503  97         
504  97         
505  102        
506  102        
507  102        
508  102        
509  102        
510  102        
511  102        
512  102        
513  102        
514  102        
515  102        
516  102        
517  105        
518  105        
519  105        
520  105        
521  105        
522  105        
523  105        
524  105        
525  105        
526  105        
527  105        
528  105        
529  110        
530  110        
531  110        
532  110        
533  110        
534  110        
535  110        
536  110        
537  110        
538  110        
539  110        
540  110        
541  112        
542  112        
543  112        
544  112        
545  112        
546  112        
547  112        
548  112        
549  112        
550  112        
551  112        
552  112        
553  117        
554  117        
555  117        
556  117        
557  117        
558  117        
559  117        
560  117        
561  117        
562  117        
563  117        
564  117        
565  120        
566  120        
567  120        
568  120        
569  120        
570  120        
571  120        
572  120        
573  120        
574  120        
575  120        
576  120        
577  124        
578  124        
579  124        
580  124        
581  124        
582  124        
583  124        
584  124        
585  124        
586  124        
587  124        
588  124        
589  128        
590  128        
591  128        
592  128        
593  128        
594  128        
595  128        
596  128        
597  128        
598  128        
599  128        
600  128        
601  131        
602  131        
603  131        
604  131        
605  131        
606  131        
607  131        
608  131        
609  131        
610  131        
611  131        
612  131        
613  135        
614  135        
615  135        
616  135        
617  135        
618  135        
619  135        
620  135        
621  135        
622  135        
623  135        
624  135        
625  139        
626  139        
627  139        
628  139        
629  139        
630  139        
631  139        
632  139        
633  139        
634  139        
635  139        
636  139        
637  142        
638  142        
639  142        
640  142        
641  142        
642  142        
643  142        
644  142        
645  142        
646  142        
647  142        
648  142        
649  146        
650  146        
651  146        
652  146        
653  146        
654  146        
655  146        
656  146        
657  146        
658  146        
659  146        
660  146        
661  150        
662  150        
663  150        
664  150        
665  150        
666  150        
667  150        
668  150        
669  150        
670  150        
671  150        
672  150        
673  153        
674  153        
675  153        
676  153        
677  153        
678  153        
679  153        
680  153        
681  153        
682  153        
683  153        
684  153        
685  157        
686  157        
687  157        
688  157        
689  157        
690  157        
691  157        
692  157        
693  157        
694  157        
695  157        
696  157        
697  161        
698  161        
699  161        
700  161        
701  161        
702  161        
703  161        
704  161        
705  161        
706  161        
707  161        
708  161        
709  164        
710  164        
711  164        
712  164        
713  164        
714  164        
715  164        
716  164        
717  164        
718  164        
719  164        
720  164        
721  165        
722  165        
723  165        
724  165        
725  165        
726  165        
727  165        
728  165        
729  165        
730  165        
731  165        
732  165        
733  166        
734  166        
735  166        
736  166        
737  166        
738  166        
739  166        
740  166        
741  166        
742  166        
743  166        
744  166        
745  168        
746  168        
747  168        
748  168        
749  168        
750  168        
751  168        
752  168        
753  168        
754  168        
755  168        
756  168        
757  169        
758  169        
759  169        
760  169        
761  169        
762  169        
763  169        
764  169        
765  169        
766  169        
767  169        
768  169        
769  170        
770  170        
771  170        
772  170        
773  170        
774  170        
775  170        
776  170        
777  170        
778  170        
779  170        
780  170        
781  171        
782  171        
783  171        
784  171        
785  171        
786  171        
787  171        
788  171        
789  171        
790  171        
791  171        
792  171        
793  172        
794  172        
795  172        
796  172        
797  172        
798  172        
799  172        
800  172        
801  172        
802  172        
803  172        
804  172        
805  173        
806  173        
807  173        
808  173        
809  173        
810  173        
811  173        
812  173        
813  173        
814  173        
815  173        
816  173        
817  174        
818  174        
819  174        
820  174        
821  174        
822  174        
823  174        
824  174        
825  174        
826  174        
827  174        
828  174        
829  174        
830  174        
831  174        
832  174        
833  174        
834  174        
835  174        
836  174        
837  174        
838  174        
839  174        
840  174        
841  174        
842  174        
843  174        
844  174        
845  174        
846  174        
847  174        
848  174        
849  174        
850  174        
851  174        
852  174        
853  174        
854  174        
855  174        
856  174        
857  174        
858  174        
859  174        
860  174        
861  174        
862  174        
863  174        
864  174        
865  174        
866  174        
867  174        
868  174        
869  174        
870  174        
871  174        
872  174        
873  174        
874  174        
875  174        
876  174        
877  174        
878  174        
879  174        
880  174        
881  174        
882  174        
883  174        
884  174        
885  174        
886  174        
887  174        
888  174        
889  174        
890  174        
891  174        
892  174        
893  174        
894  174        
895  174        
896  174        
897  174        
898  174        
899  174        
900  174        
901  174        
902  174        
903  174        
904  174        
905  174        
906  174        
907  174        
908  174        
909  174        
910  174        
911  174        
912  174        
913  174        
914  174        
915  174        
916  174        
917  174        
918  174        
919  174        
920  174        
921  174        
922  174        
923  174        
924  174        
925  174        
926  174        
927  174        
928  174        
929  174        
930  174        
931  174        
932  174        
933  174        
934  174        
935  174        
936  174        
937  174        
938  174        
939  174        
940  174        
941  174        
942  174        
943  174        
944  174        
945  174        
946  174        
947  174        
948  174        
949  174        
950  174        
951  174        
952  174        
953  174        
954  174        
955  174        
956  174        
957  174        
958  174        
959  174        
960  174        
961  174        
962  174        
963  174        
964  174        
965  174        
966  174        
967  174        
968  174        
969  174        
970  174        
971  174        
972  174        
973  174        
974  174        
975  174        
976  174        
977  174        
978  174        
979  174        
980  174        
981  174        
982  174        
983  174        
984  174        
985  174        
986  174        
987  174        
988  174        
989  174        
990  174        
991  174        
992  174        
993  174        
994  174        
995  174        
996  174        
997  174        
998  174        
999  174        
1000 174        
1001 174        
1002 174        
1003 174        
1004 174        
1005 174        
1006 174        
1007 174        
1008 174        
1009 174        
1010 174        
1011 174        
1012 174        
1013 174        
1014 174        
1015 174        
1016 174        
1017 174        
1018 174        
1019 174        
1020 174        
1021 174        
1022 174        
1023 174        
1024 174        
1025 174        
1026 174        
1027 174        
1028 174        
1029 174        
1030 174        
1031 174        
1032 174        
1033 173        
1034 173        
1035 173        
1036 173        
1037 173        
1038 173        
1039 173        
1040 173        
1041 173        
1042 173        
1043 173        
1044 173        
1045 172        
1046 172        
1047 172        
1048 172        
1049 172        
1050 172        
1051 172        
1052 172        
1053 172        
1054 172        
1055 172        
1056 172        
1057 171        
1058 171        
1059 171        
1060 171        
1061 171        
1062 171        
1063 171        
1064 171        
1065 171        
1066 171        
1067 171        
1068 171        
1069 170        
1070 170        
1071 170        
1072 170        
1073 170        
1074 170        
1075 170        
1076 170        
1077 170        
1078 170        
1079 170        
1080 170        
1081 169        
1082 169        
1083 169        
1084 169        
1085 169        
1086 169        
1087 169        
1088 169        
1089 169        
1090 169        
1091 169        
1092 169        
1093 168        
1094 168        
1095 168        
1096 168        
1097 168        
1098 168        
1099 168        
1100 168        
1101 168        
1102 168        
1103 168        
1104 168        
1105 167        
1106 167        
1107 167        
1108 167        
1109 167        
1110 167        
1111 167        
1112 167        
1113 167        
1114 167        
1115 167        
1116 167        
1117 166        
1118 166        
1119 166        
1120 166        
1121 166        
1122 166        
1123 166        
1124 166        
1125 166        
1126 166        
1127 166        
1128 166        
1129 165        
1130 165        
1131 165        
1132 165        
1133 165        
1134 165        
1135 165        
1136 165        
1137 165        
1138 165        
1139 165        
1140 165        
1141 164        
1142 164        
1143 164        
1144 164        
1145 164        
1146 164        
1147 164        
1148 164        
1149 164        
1150 164        
1151 164        
1152 164        
1153 162        
1154 162        
1155 162        
1156 162        
1157 162        
1158 162        
1159 162        
1160 162        
1161 162        
1162 162        
1163 162        
1164 162        
1165 161        
1166 161        
1167 161        
1168 161        
1169 161        
1170 161        
1171 161        
1172 161        
1173 161        
1174 161        
1175 161        
1176 161        
1177 160        
1178 160        
1179 160        
1180 160        
1181 160        
1182 160        
1183 160        
1184 160        
1185 160        
1186 160        
1187 160        
1188 160        
1189 159        
1190 159        
1191 159        
1192 159        
1193 159        
1194 159        
1195 159        
1196 159        
1197 159        
1198 159        
1199 159        
1200 159        
1201 155        
1202 155        
1203 155        
1204 155        
1205 155        
1206 155        
1207 155        
1208 155        
1209 155        
1210 155        
1211 155        
1212 155        
1213 152        
1214 152        
1215 152        
1216 152        
1217 152        
1218 152        
1219 152        
1220 152        
1221 152        
1222 152        
1223 152        
1224 152        
1225 148        
1226 148        
1227 148        
1228 148        
1229 148        
1230 148        
1231 148        
1232 148        
1233 148        
1234 148        
1235 148        
1236 148        
1237 144        
1238 144        
1239 144        
1240 144        
1241 144        
1242 144        
1243 144        
1244 144        
1245 144        
1246 144        
1247 144        
1248 144        
1249 140        
1250 140        
1251 140        
1252 140        
1253 140        
1254 140        
1255 140        
1256 140        
1257 140        
1258 140        
1259 140        
1260 140        
1261 137        
1262 137        
1263 137        
1264 137        
1265 137        
1266 137        
1267 137        
1268 137        
1269 137        
1270 137        
1271 137        
1272 137        
1273 133        
1274 133        
1275 133        
1276 133        
1277 133        
1278 133        
1279 133        
1280 133        
1281 133        
1282 133        
1283 133        
1284 133        
1285 130        
1286 130        
1287 130        
1288 130        
1289 130        
1290 130        
1291 130        
1292 130        
1293 130        
1294 130        
1295 130        
1296 130        
1297 125        
1298 125        
1299 125        
1300 125        
1301 125        
1302 125        
1303 125        
1304 125        
1305 125        
1306 125        
1307 125        
1308 125        
1309 122        
1310 122        
1311 122        
1312 122        
1313 122        
1314 122        
1315 122        
1316 122        
1317 122        
1318 122        
1319 122        
1320 122        
1321 118        
1322 118        
1323 118        
1324 118        
1325 118        
1326 118        
1327 118        
1328 118        
1329 118        
1330 118        
1331 118        
1332 118        
1333 114        
1334 114        
1335 114        
1336 114        
1337 114        
1338 114        
1339 114        
1340 114        
1341 114        
1342 114        
1343 114        
1344 114        
1345 110        
1346 110        
1347 110        
1348 110        
1349 110        
1350 110        
1351 110        
1352 110        
1353 110        
1354 110        
1355 110        
1356 110        
1357 107        
1358 107        
1359 107        
1360 107        
1361 107        
1362 107        
1363 107        
1364 107        
1365 107        
1366 107        
1367 107        
1368 107        
1369 103        
1370 103        
1371 103        
1372 103        
1373 103        
1374 103        
1375 103        
1376 103        
1377 103        
1378 103        
1379 103        
1380 103        
1381 99         
1382 99         
1383 99         
1384 99         
1385 99         
1386 99         
1387 99         
1388 99         
1389 99         
1390 99         
1391 99         
1392 99         
1393 95         
1394 95         
1395 95         
1396 95         
1397 95         
1398 95         
1399 95         
1400 95         
1401 95         
1402 95         
1403 95         
1404 95         
1405 92         
1406 92         
1407 92         
1408 92         
1409 92         
1410 92         
1411 92         
1412 92         
1413 92         
1414 92         
1415 92         
1416 92         
1417 87         
1418 87         
1419 87         
1420 87         
1421 87         
1422 87         
1423 87         
1424 87         
1425 87         
1426 87         
1427 87         
1428 87         
1429 84         
1430 84         
1431 84         
1432 84         
1433 84         
1434 84         
1435 84         
1436 84         
1437 84         
1438 84         
1439 84         
1440 84         
1441 80         
1442 80         
1443 80         
1444 80         
1445 80         
1446 80         
1447 80         
1448 80         
1449 80         
1450 80         
1451 80         
1452 80         
1453 77         
1454 77         
1455 77         
1456 77         
1457 77         
1458 77         
1459 77         
1460 77         
1461 77         
1462 77         
1463 77         
1464 77         
1465 72         
1466 72         
1467 72         
1468 72         
1469 72         
1470 72         
1471 72         
1472 72         
1473 72         
1474 72         
1475 72         
1476 72         
1477 69         
1478 69         
1479 69         
1480 69         
1481 69         
1482 69         
1483 69         
1484 69         
1485 69         
1486 69         
1487 69         
1488 69         
1489 64         
1490 64         
1491 64         
1492 64         
1493 64         
1494 64         
1495 64         
1496 64         
1497 64         
1498 64         
1499 64         
1500 64         
1501 62         
1502 62         
1503 62         
1504 62         
1505 62         
1506 62         
1507 62         
1508 62         
1509 62         
1510 62         
1511 62         
1512 62         
1513 57         
1514 57         
1515 57         
1516 57         
1517 57         
1518 57         
1519 57         
1520 57         
1521 57         
1522 57         
1523 57         
1524 57         
1525 54         
1526 54         
1527 54         
1528 54         
1529 54         
1530 54         
1531 54         
1532 54         
1533 54         
1534 54         
1535 54         
1536 54         
1537 50         
1538 50         
1539 50         
1540 50         
1541 50         
1542 50         
1543 50         
1544 50         
1545 50         
1546 50         
1547 50         
1548 50         
1549 46         
1550 46         
1551 46         
1552 46         
1553 46         
1554 46         
1555 46         
1556 46         
1557 46         
1558 46         
1559 46         
1560 46         
1561 43         
1562 43         
1563 43         
1564 43         
1565 43         
1566 43         
1567 43         
1568 43         
1569 43         
1570 43         
1571 43         
1572 43         
1573 39         
1574 39         
1575 39         
1576 39         
1577 39         
1578 39         
1579 39         
1580 39         
1581 39         
1582 39         
1583 39         
1584 39         
1585 35         
1586 35         
1587 35         
1588 35         
1589 35         
1590 35         
1591 35         
1592 35         
1593 35         
1594 35         
1595 35         
1596 35         
1597 32         
1598 32         
1599 32         
1600 32         
1601 32         
1602 32         
1603 32         
1604 32         
1605 32         
1606 32         
1607 32         
1608 32         
1609 28         
1610 28         
1611 28         
1612 28         
1613 28         
1614 28         
1615 28         
1616 28         
1617 28         
1618 28         
1619 28         
1620 28         
1621 24         
1622 24         
1623 24         
1624 24         
1625 24         
1626 24         
1627 24         
1628 24         
1629 24         
1630 24         
1631 24         
1632 24         
1633 21         
1634 21         
1635 21         
1636 21         
1637 21         
1638 21         
1639 21         
1640 21         
1641 21         
1642 21         
1643 21         
1644 21         
1645 17         
1646 17         
1647 17         
1648 17         
1649 17         
1650 17         
1651 17         
1652 17         
1653 17         
1654 17         
1655 17         
1656 17         
1657 13         
1658 13         
1659 13         
1660 13         
1661 13         
1662 13         
1663 13         
1664 13         
1665 13         
1666 13         
1667 13         
1668 13         
1669 10         
1670 10         
1671 10         
1672 10         
1673 10         
1674 10         
1675 10         
1676 10         
1677 10         
1678 10         
1679 10         
1680 10         
1681 9          
1682 9          
1683 9          
1684 9          
1685 9          
1686 9          
1687 9          
1688 9          
1689 9          
1690 9          
1691 9          
1692 9          
1693 8          
1694 8          
1695 8          
1696 8          
1697 8          
1698 8          
1699 8          
1700 8          
1701 8          
1702 8          
1703 8          
1704 8          
1705 6          
1706 6          
1707 6          
1708 6          
1709 6          
1710 6          
1711 6          
1712 6          
1713 6          
1714 6          
1715 6          
1716 6          
1717 5          
1718 5          
1719 5          
1720 5          
1721 5          
1722 5          
1723 5          
1724 5          
1725 5          
1726 5          
1727 5          
1728 5          
1729 4          
1730 4          
1731 4          
1732 4          
1733 4          
1734 4          
1735 4          
1736 4          
1737 4          
1738 4          
1739 4          
1740 4          
1741 3          
1742 3          
1743 3          
1744 3          
1745 3          
1746 3          
1747 3          
1748 3          
1749 3          
1750 3          
1751 3          
1752 3          
1753 2          
1754 2          
1755 2          
1756 2          
1757 2          
1758 2          
1759 2          
1760 2          
1761 2          
1762 2          
1763 2          
1764 2          
1765 1          
1766 1          
1767 1          
1768 1          
1769 1          
1770 1          
1771 1          
1772 1          
1773 1          
1774 1          
1775 1          
1776 1          
1777 0          
1778 0          
1779 0          
1780 0          
1781 0          
1782 0          
1783 0          
1784 0          
1785 0          
1786 0          
1787 0          
1788 0          
1789 0          
1790 0          
1791 0          
1792 0          
1793 0          
1794 0          
1795 0          
1796 0          
1797 0          
1798 0          
1799 0          
1800 0          
1801 0          
1802 0          
1803 0          
1804 0          
1805 0          
1806 0          
1807 0          
1808 0          
1809 0          
1810 0          
1811 0          
1812 0          
1813 0          
1814 0          
1815 0          
1816 0          
1817 0          
1818 0          
1819 0          
1820 0          
1821 0          
1822 0          
1823 0          
1824 0          
1825 0          
1826 0          
1827 0          
1828 0          
1829 0          
1830 0          
1831 0          
1832 0          
1833 0          
1834 0          
1835 0          
1836 0          
1837 0          
1838 0          
1839 0          
1840 0          
1841 0          
1842 0          
1843 0          
1844 0          
1845 0          
1846 0          
1847 0          
1848 0          
1849 0          
1850 0          
1851 0          
1852 0          
1853 0          
1854 0          
1855 0          
1856 0          
1857 0          
1858 0          
1859 0          
1860 0          
1861 0          
1862 0          
1863 0          
1864 0          
1865 0          
1866 0          
1867 0          
1868 0          
1869 0          
1870 0          
1871 0          
1872 0          
1873 0          
1874 0          
1875 0          
1876 0          
1877 0          
1878 0          
1879 0          
1880 0          
1881 0          
1882 0          
1883 0          
1884 0          
1885 0          
1886 0          
1887 0          
1888 0          
1889 0          
1890 0          
1891 0          
1892 0          
1893 0          
1894 0          
1895 0          
1896 0          
1897 0          
1898 0          
1899 0          
1900 0          
1901 0          
1902 0          
1903 0          
1904 0          
1905 0          
1906 0          
1907 0          
1908 0          
1909 0          
1910 0          
1911 0          
1912 0          
1913 0          
1914 0          
1915 0          
1916 0          
1917 0          
1918 0          
1919 0          
1920 0          
1921 0          
1922 0          
1923 0          
1924 0          
1925 0          
1926 0          
1927 0          
1928 0          
1929 0          
1930 0          
1931 0          
1932 0          
1933 0          
1934 0          
1935 0          
1936 0          
1937 0          
1938 0          
1939 0          
1940 0          
1941 0          
1942 0          
1943 0          
1944 0          
1945 0          
1946 0          
1947 0          
1948 0          
1949 0          
1950 0          
1951 0          
1952 0          
1953 0          
1954 0          
1955 0          
1956 0          
1957 0          
1958 0          
1959 0          
1960 0          
1961 0          
1962 0          
1963 0          
1964 0          
1965 0          
1966 0          
1967 0          
1968 0          
1969 0          
1970 0          
1971 0          
1972 0          
1973 0          
1974 0          
1975 0          
1976 0          
1977 0          
1978 0          
1979 0          
1980 0          
1981 0          
1982 0          
1983 0          
1984 0          
1985 0          
1986 0          
1987 0          
1988 0          
1989 0          
1990 0          
1991 0          
1992 0          
1993 0          
1994 0          
1995 0          
1996 0          
1997 0          
1998 0          
1999 0          
2000 0          
2001 0          
2002 0          
2003 0          
2004 0          
2005 0          
2006 0          
2007 0          
2008 0          
2009 0          
2010 0          
2011 0          
2012 0          
2013 0          
2014 0          
2015 0          
2016 0          
2017 0          
2018 0          
2019 0          
2020 0          
2021 0          
2022 0          
2023 0          
2024 0          
2025 0          
2026 0          
2027 0          
2028 0          
2029 0          
2030 0          
2031 0          
2032 0          
2033 0          
2034 0          
2035 0          
2036 0          
2037 0          
2038 0          
2039 0          
2040 0          
2041 0          
2042 0          
2043 0          
2044 0          
2045 0          
2046 0          
2047 0          
2048 0          
2049 0          
2050 0          
2051 0          
2052 0          
2053 0          
2054 0          
2055 0          
2056 0          
2057 0          
2058 0          
2059 0          
2060 0          
2061 0          
2062 0          
2063 0          
2064 0          
2065 0          
2066 0          
2067 0          
2068 0          
2069 0          
2070 0          
2071 0          
2072 0          
2073 0          
2074 0          
2075 0          
2076 0          
2077 0          
2078 0          
2079 0          
2080 0          
2081 0          
2082 0          
2083 0          
2084 0          
2085 0          
2086 0          
2087 0          
2088 0          
2089 0          
2090 0          
2091 0          
2092 0          
2093 0          
2094 0          
2095 0          
2096 0          
2097 0          
2098 0          
2099 0          
2100 0          
2101 0          
2102 0          
2103 0          
2104 0          
2105 0          
2106 0          
2107 0          
2108 0          
2109 0          
2110 0          
2111 0          
2112 0          
2113 0          
2114 0          
2115 0          
2116 0          
2117 0          
2118 0          
2119 0          
2120 0          
2121 0          
2122 0          
2123 0          
2124 0          
2125 0          
2126 0          
2127 0          
2128 0          
2129 0          
2130 0          
2131 0          
2132 0          
2133 0          
2134 0          
2135 0          
2136 0          
2137 0          
2138 0          
2139 0          
2140 0          
2141 0          
2142 0          
2143 0          
2144 0          
2145 0          
2146 0          
2147 0          
2148 0          
2149 0          
2150 0          
2151 0          
2152 0          
2153 0          
2154 0          
2155 0          
2156 0          
2157 0          
2158 0          
2159 0          
2160 0          
2161 0          
2162 0          
2163 0          
2164 0          
2165 0          
2166 0          
2167 0          
2168 0          
2169 0          
2170 0          
2171 0          
2172 0          
2173 0          
2174 0          
2175 0          
2176 0          
2177 0          
2178 0          
2179 0          
2180 0          
2181 0          
2182 0          
2183 0          
2184 0          
2185 0          
2186 0          
2187 0          
2188 0          
2189 0          
2190 0          
2191 0          
2192 0          
2193 0          
2194 0          
2195 0          
2196 0          
2197 0          
2198 0          
2199 0          
2200 0          
2201 0          
2202 0          
2203 0          
2204 0          
2205 0          
2206 0          
2207 0          
2208 0          
2209 0          
2210 0          
2211 0          
2212 0          
2213 0          
2214 0          
2215 0          
2216 0          
2217 0          
2218 0          
2219 0          
2220 0          
2221 0          
2222 0          
2223 0          
2224 0          
2225 0          
2226 0          
2227 0          
2228 0          
2229 0          
2230 0          
2231 0          
2232 0          
2233 0          
2234 0          
2235 0          
2236 0          
2237 0          
2238 0          
2239 0          
2240 0          
2241 0          
2242 0          
2243 0          
2244 0          
2245 0          
2246 0          
2247 0          
2248 0          
2249 0          
2250 0          
2251 0          
2252 0          
2253 0          
2254 0          
2255 0          
2256 0          
2257 0          
2258 0          
2259 0          
2260 0          
2261 0          
2262 0          
2263 0          
2264 0          
2265 0          
2266 0          
2267 0          
2268 0          
2269 0          
2270 0          
2271 0          
2272 0          
2273 0          
2274 0          
2275 0          
2276 0          
2277 0          
2278 0          
2279 0          
2280 0          
2281 0          
2282 0          
2283 0          
2284 0          
2285 0          
2286 0          
2287 0          
2288 0          
2289 0          
2290 0          
2291 0          
2292 0          
2293 0          
2294 0          
2295 0          
2296 0          
2297 0          
2298 0          
2299 0          
2300 0          
2301 0          
2302 0          
2303 0          
2304 0          
2305 0          
2306 0          
2307 0          
2308 0          
2309 0          
2310 0          
2311 0          
2312 0          
2313 0          
2314 0          
2315 0          
2316 0          
2317 0          
2318 0          
2319 0          
2320 0          
2321 0          
2322 0          
2323 0          
2324 0          
2325 0          
2326 0          
2327 0          
2328 0          
2329 0          
2330 0          
2331 0          
2332 0          
2333 0          
2334 0          
2335 0          
2336 0          
2337 0          
2338 0          
2339 0          
2340 0          
2341 0          
2342 0          
2343 0          
2344 0          
2345 0          
2346 0          
2347 0          
2348 0          
2349 0          
2350 0          
2351 0          
2352 0          
2353 0          
2354 0          
2355 0          
2356 0          
2357 0          
2358 0          
2359 0          
2360 0          
2361 0          
2362 0          
2363 0          
2364 0          
2365 0          
2366 0          
2367 0          
2368 0          
2369 0          
2370 0          
2371 0          
2372 0          
2373 0          
2374 0          
2375 0          
2376 0          
2377 0          
2378 0          
2379 0          
2380 0          
2381 0          
2382 0          
2383 0          
2384 0          
2385 0          
2386 0          
2387 0          
2388 0          
2389 0          
2390 0          
2391 0          
2392 0          
2393 0          
2394 0          
2395 0          
2396 0          
2397 0          
2398 0          
2399 0          
