Time N_Deployed 
0    0          
1    0          
2    0          
3    0          
4    0          
5    0          
6    0          
7    0          
8    0          
9    0          
10   0          
11   0          
12   0          
13   0          
14   0          
15   0          
16   0          
17   0          
18   0          
19   0          
20   0          
21   0          
22   0          
23   0          
24   0          
25   0          
26   0          
27   0          
28   0          
29   0          
30   0          
31   0          
32   0          
33   0          
34   0          
35   0          
36   0          
37   0          
38   0          
39   0          
40   0          
41   0          
42   0          
43   0          
44   0          
45   0          
46   0          
47   0          
48   0          
49   0          
50   0          
51   0          
52   0          
53   0          
54   0          
55   0          
56   0          
57   0          
58   0          
59   0          
60   0          
61   0          
62   0          
63   0          
64   0          
65   0          
66   0          
67   0          
68   0          
69   0          
70   0          
71   0          
72   0          
73   0          
74   0          
75   0          
76   0          
77   0          
78   0          
79   0          
80   0          
81   0          
82   0          
83   0          
84   0          
85   0          
86   0          
87   0          
88   0          
89   0          
90   0          
91   0          
92   0          
93   0          
94   0          
95   0          
96   0          
97   0          
98   0          
99   0          
100  0          
101  0          
102  0          
103  0          
104  0          
105  0          
106  0          
107  0          
108  0          
109  0          
110  0          
111  0          
112  0          
113  0          
114  0          
115  0          
116  0          
117  0          
118  0          
119  0          
120  0          
121  0          
122  0          
123  0          
124  0          
125  0          
126  0          
127  0          
128  0          
129  0          
130  0          
131  0          
132  0          
133  0          
134  0          
135  0          
136  0          
137  0          
138  0          
139  0          
140  0          
141  0          
142  0          
143  0          
144  0          
145  0          
146  0          
147  0          
148  0          
149  0          
150  0          
151  0          
152  0          
153  0          
154  0          
155  0          
156  0          
157  0          
158  0          
159  0          
160  0          
161  0          
162  0          
163  0          
164  0          
165  0          
166  0          
167  0          
168  0          
169  0          
170  0          
171  0          
172  0          
173  0          
174  0          
175  0          
176  0          
177  0          
178  0          
179  0          
180  0          
181  0          
182  0          
183  0          
184  0          
185  0          
186  0          
187  0          
188  0          
189  0          
190  0          
191  0          
192  0          
193  0          
194  0          
195  0          
196  0          
197  0          
198  0          
199  0          
200  0          
201  0          
202  0          
203  0          
204  0          
205  0          
206  0          
207  0          
208  0          
209  0          
210  0          
211  0          
212  0          
213  0          
214  0          
215  0          
216  0          
217  0          
218  0          
219  0          
220  0          
221  0          
222  0          
223  0          
224  0          
225  0          
226  0          
227  0          
228  0          
229  0          
230  0          
231  0          
232  0          
233  0          
234  0          
235  0          
236  0          
237  0          
238  0          
239  0          
240  0          
241  0          
242  0          
243  0          
244  0          
245  0          
246  0          
247  0          
248  0          
249  0          
250  0          
251  0          
252  0          
253  0          
254  0          
255  0          
256  0          
257  0          
258  0          
259  0          
260  0          
261  0          
262  0          
263  0          
264  0          
265  0          
266  0          
267  0          
268  0          
269  0          
270  0          
271  0          
272  0          
273  0          
274  0          
275  0          
276  0          
277  0          
278  0          
279  0          
280  0          
281  0          
282  0          
283  0          
284  0          
285  0          
286  0          
287  0          
288  0          
289  0          
290  0          
291  0          
292  0          
293  0          
294  0          
295  0          
296  0          
297  0          
298  0          
299  0          
300  0          
301  0          
302  0          
303  0          
304  0          
305  0          
306  0          
307  0          
308  0          
309  0          
310  0          
311  0          
312  0          
313  0          
314  0          
315  0          
316  0          
317  0          
318  0          
319  0          
320  0          
321  0          
322  0          
323  0          
324  0          
325  0          
326  0          
327  0          
328  0          
329  0          
330  0          
331  0          
332  0          
333  0          
334  0          
335  0          
336  0          
337  0          
338  0          
339  0          
340  0          
341  0          
342  0          
343  0          
344  0          
345  0          
346  0          
347  0          
348  0          
349  0          
350  0          
351  0          
352  0          
353  0          
354  0          
355  0          
356  0          
357  0          
358  0          
359  0          
360  0          
361  0          
362  0          
363  0          
364  0          
365  0          
366  0          
367  0          
368  0          
369  0          
370  0          
371  0          
372  0          
373  0          
374  0          
375  0          
376  0          
377  0          
378  0          
379  0          
380  0          
381  0          
382  0          
383  0          
384  0          
385  0          
386  0          
387  0          
388  0          
389  0          
390  0          
391  0          
392  0          
393  0          
394  0          
395  0          
396  0          
397  0          
398  0          
399  0          
400  0          
401  0          
402  0          
403  0          
404  0          
405  0          
406  0          
407  0          
408  0          
409  0          
410  0          
411  0          
412  0          
413  0          
414  0          
415  0          
416  0          
417  0          
418  0          
419  0          
420  0          
421  0          
422  0          
423  0          
424  0          
425  0          
426  0          
427  0          
428  0          
429  0          
430  0          
431  0          
432  0          
433  0          
434  0          
435  0          
436  0          
437  0          
438  0          
439  0          
440  0          
441  0          
442  0          
443  0          
444  0          
445  0          
446  0          
447  0          
448  0          
449  0          
450  0          
451  0          
452  0          
453  0          
454  0          
455  0          
456  0          
457  0          
458  0          
459  0          
460  0          
461  0          
462  0          
463  0          
464  0          
465  0          
466  0          
467  0          
468  0          
469  0          
470  0          
471  0          
472  0          
473  0          
474  0          
475  0          
476  0          
477  0          
478  0          
479  0          
480  0          
481  2          
482  2          
483  2          
484  2          
485  2          
486  2          
487  2          
488  2          
489  2          
490  2          
491  2          
492  2          
493  2          
494  2          
495  2          
496  2          
497  2          
498  2          
499  2          
500  2          
501  2          
502  2          
503  2          
504  2          
505  2          
506  2          
507  2          
508  2          
509  2          
510  2          
511  2          
512  2          
513  2          
514  2          
515  2          
516  2          
517  2          
518  2          
519  2          
520  2          
521  2          
522  2          
523  2          
524  2          
525  2          
526  2          
527  2          
528  2          
529  2          
530  2          
531  2          
532  2          
533  2          
534  2          
535  2          
536  2          
537  2          
538  2          
539  2          
540  2          
541  4          
542  4          
543  4          
544  4          
545  4          
546  4          
547  4          
548  4          
549  4          
550  4          
551  4          
552  4          
553  4          
554  4          
555  4          
556  4          
557  4          
558  4          
559  4          
560  4          
561  4          
562  4          
563  4          
564  4          
565  4          
566  4          
567  4          
568  4          
569  4          
570  4          
571  4          
572  4          
573  4          
574  4          
575  4          
576  4          
577  6          
578  6          
579  6          
580  6          
581  6          
582  6          
583  6          
584  6          
585  6          
586  6          
587  6          
588  6          
589  6          
590  6          
591  6          
592  6          
593  6          
594  6          
595  6          
596  6          
597  6          
598  6          
599  6          
600  6          
601  8          
602  8          
603  8          
604  8          
605  8          
606  8          
607  8          
608  8          
609  8          
610  8          
611  8          
612  8          
613  8          
614  8          
615  8          
616  8          
617  8          
618  8          
619  8          
620  8          
621  8          
622  8          
623  8          
624  8          
625  10         
626  10         
627  10         
628  10         
629  10         
630  10         
631  10         
632  10         
633  10         
634  10         
635  10         
636  10         
637  10         
638  10         
639  10         
640  10         
641  10         
642  10         
643  10         
644  10         
645  10         
646  10         
647  10         
648  10         
649  12         
650  12         
651  12         
652  12         
653  12         
654  12         
655  12         
656  12         
657  12         
658  12         
659  12         
660  12         
661  12         
662  12         
663  12         
664  12         
665  12         
666  12         
667  12         
668  12         
669  12         
670  12         
671  12         
672  12         
673  14         
674  14         
675  14         
676  14         
677  14         
678  14         
679  14         
680  14         
681  14         
682  14         
683  14         
684  14         
685  14         
686  14         
687  14         
688  14         
689  14         
690  14         
691  14         
692  14         
693  14         
694  14         
695  14         
696  14         
697  16         
698  16         
699  16         
700  16         
701  16         
702  16         
703  16         
704  16         
705  16         
706  16         
707  16         
708  16         
709  18         
710  18         
711  18         
712  18         
713  18         
714  18         
715  18         
716  18         
717  18         
718  18         
719  18         
720  18         
721  20         
722  20         
723  20         
724  20         
725  20         
726  20         
727  20         
728  20         
729  20         
730  20         
731  20         
732  20         
733  22         
734  22         
735  22         
736  22         
737  22         
738  22         
739  22         
740  22         
741  22         
742  22         
743  22         
744  22         
745  25         
746  25         
747  25         
748  25         
749  25         
750  25         
751  25         
752  25         
753  25         
754  25         
755  25         
756  25         
757  27         
758  27         
759  27         
760  27         
761  27         
762  27         
763  27         
764  27         
765  27         
766  27         
767  27         
768  27         
769  29         
770  29         
771  29         
772  29         
773  29         
774  29         
775  29         
776  29         
777  29         
778  29         
779  29         
780  29         
781  31         
782  31         
783  31         
784  31         
785  31         
786  31         
787  31         
788  31         
789  31         
790  31         
791  31         
792  31         
793  33         
794  33         
795  33         
796  33         
797  33         
798  33         
799  33         
800  33         
801  33         
802  33         
803  33         
804  33         
805  35         
806  35         
807  35         
808  35         
809  35         
810  35         
811  35         
812  35         
813  35         
814  35         
815  35         
816  35         
817  38         
818  38         
819  38         
820  38         
821  38         
822  38         
823  38         
824  38         
825  38         
826  38         
827  38         
828  38         
829  42         
830  42         
831  42         
832  42         
833  42         
834  42         
835  42         
836  42         
837  42         
838  42         
839  42         
840  42         
841  47         
842  47         
843  47         
844  47         
845  47         
846  47         
847  47         
848  47         
849  47         
850  47         
851  47         
852  47         
853  52         
854  52         
855  52         
856  52         
857  52         
858  52         
859  52         
860  52         
861  52         
862  52         
863  52         
864  52         
865  57         
866  57         
867  57         
868  57         
869  57         
870  57         
871  57         
872  57         
873  57         
874  57         
875  57         
876  57         
877  62         
878  62         
879  62         
880  62         
881  62         
882  62         
883  62         
884  62         
885  62         
886  62         
887  62         
888  62         
889  67         
890  67         
891  67         
892  67         
893  67         
894  67         
895  67         
896  67         
897  67         
898  67         
899  67         
900  67         
901  72         
902  72         
903  72         
904  72         
905  72         
906  72         
907  72         
908  72         
909  72         
910  72         
911  72         
912  72         
913  77         
914  77         
915  77         
916  77         
917  77         
918  77         
919  77         
920  77         
921  77         
922  77         
923  77         
924  77         
925  82         
926  82         
927  82         
928  82         
929  82         
930  82         
931  82         
932  82         
933  82         
934  82         
935  82         
936  82         
937  87         
938  87         
939  87         
940  87         
941  87         
942  87         
943  87         
944  87         
945  87         
946  87         
947  87         
948  87         
949  92         
950  92         
951  92         
952  92         
953  92         
954  92         
955  92         
956  92         
957  92         
958  92         
959  92         
960  92         
961  98         
962  98         
963  98         
964  98         
965  98         
966  98         
967  98         
968  98         
969  98         
970  98         
971  98         
972  98         
973  103        
974  103        
975  103        
976  103        
977  103        
978  103        
979  103        
980  103        
981  103        
982  103        
983  103        
984  103        
985  108        
986  108        
987  108        
988  108        
989  108        
990  108        
991  108        
992  108        
993  108        
994  108        
995  108        
996  108        
997  114        
998  114        
999  114        
1000 114        
1001 114        
1002 114        
1003 114        
1004 114        
1005 114        
1006 114        
1007 114        
1008 114        
1009 119        
1010 119        
1011 119        
1012 119        
1013 119        
1014 119        
1015 119        
1016 119        
1017 119        
1018 119        
1019 119        
1020 119        
1021 125        
1022 125        
1023 125        
1024 125        
1025 125        
1026 125        
1027 125        
1028 125        
1029 125        
1030 125        
1031 125        
1032 125        
1033 133        
1034 133        
1035 133        
1036 133        
1037 133        
1038 133        
1039 133        
1040 133        
1041 133        
1042 133        
1043 133        
1044 133        
1045 141        
1046 141        
1047 141        
1048 141        
1049 141        
1050 141        
1051 141        
1052 141        
1053 141        
1054 141        
1055 141        
1056 141        
1057 149        
1058 149        
1059 149        
1060 149        
1061 149        
1062 149        
1063 149        
1064 149        
1065 149        
1066 149        
1067 149        
1068 149        
1069 157        
1070 157        
1071 157        
1072 157        
1073 157        
1074 157        
1075 157        
1076 157        
1077 157        
1078 157        
1079 157        
1080 157        
1081 166        
1082 166        
1083 166        
1084 166        
1085 166        
1086 166        
1087 166        
1088 166        
1089 166        
1090 166        
1091 166        
1092 166        
1093 174        
1094 174        
1095 174        
1096 174        
1097 174        
1098 174        
1099 174        
1100 174        
1101 174        
1102 174        
1103 174        
1104 174        
1105 183        
1106 183        
1107 183        
1108 183        
1109 183        
1110 183        
1111 183        
1112 183        
1113 183        
1114 183        
1115 183        
1116 183        
1117 191        
1118 191        
1119 191        
1120 191        
1121 191        
1122 191        
1123 191        
1124 191        
1125 191        
1126 191        
1127 191        
1128 191        
1129 200        
1130 200        
1131 200        
1132 200        
1133 200        
1134 200        
1135 200        
1136 200        
1137 200        
1138 200        
1139 200        
1140 200        
1141 208        
1142 208        
1143 208        
1144 208        
1145 208        
1146 208        
1147 208        
1148 208        
1149 208        
1150 208        
1151 208        
1152 208        
1153 219        
1154 219        
1155 219        
1156 219        
1157 219        
1158 219        
1159 219        
1160 219        
1161 219        
1162 219        
1163 219        
1164 219        
1165 228        
1166 228        
1167 228        
1168 228        
1169 228        
1170 228        
1171 228        
1172 228        
1173 228        
1174 228        
1175 228        
1176 228        
1177 237        
1178 237        
1179 237        
1180 237        
1181 237        
1182 237        
1183 237        
1184 237        
1185 237        
1186 237        
1187 237        
1188 237        
1189 246        
1190 246        
1191 246        
1192 246        
1193 246        
1194 246        
1195 246        
1196 246        
1197 246        
1198 246        
1199 246        
1200 246        
1201 262        
1202 262        
1203 262        
1204 262        
1205 262        
1206 262        
1207 262        
1208 262        
1209 262        
1210 262        
1211 262        
1212 262        
1213 276        
1214 276        
1215 276        
1216 276        
1217 276        
1218 276        
1219 276        
1220 276        
1221 276        
1222 276        
1223 276        
1224 276        
1225 293        
1226 293        
1227 293        
1228 293        
1229 293        
1230 293        
1231 293        
1232 293        
1233 293        
1234 293        
1235 293        
1236 293        
1237 310        
1238 310        
1239 310        
1240 310        
1241 310        
1242 310        
1243 310        
1244 310        
1245 310        
1246 310        
1247 310        
1248 310        
1249 326        
1250 326        
1251 326        
1252 326        
1253 326        
1254 326        
1255 326        
1256 326        
1257 326        
1258 326        
1259 326        
1260 326        
1261 340        
1262 340        
1263 340        
1264 340        
1265 340        
1266 340        
1267 340        
1268 340        
1269 340        
1270 340        
1271 340        
1272 340        
1273 357        
1274 357        
1275 357        
1276 357        
1277 357        
1278 357        
1279 357        
1280 357        
1281 357        
1282 357        
1283 357        
1284 357        
1285 372        
1286 372        
1287 372        
1288 372        
1289 372        
1290 372        
1291 372        
1292 372        
1293 372        
1294 372        
1295 372        
1296 372        
1297 391        
1298 391        
1299 391        
1300 391        
1301 391        
1302 391        
1303 391        
1304 391        
1305 391        
1306 391        
1307 391        
1308 391        
1309 406        
1310 406        
1311 406        
1312 406        
1313 406        
1314 406        
1315 406        
1316 406        
1317 406        
1318 406        
1319 406        
1320 406        
1321 423        
1322 423        
1323 423        
1324 423        
1325 423        
1326 423        
1327 423        
1328 423        
1329 423        
1330 423        
1331 423        
1332 423        
1333 440        
1334 440        
1335 440        
1336 440        
1337 440        
1338 440        
1339 440        
1340 440        
1341 440        
1342 440        
1343 440        
1344 440        
1345 457        
1346 457        
1347 457        
1348 457        
1349 457        
1350 457        
1351 457        
1352 457        
1353 457        
1354 457        
1355 457        
1356 457        
1357 472        
1358 472        
1359 472        
1360 472        
1361 472        
1362 472        
1363 472        
1364 472        
1365 472        
1366 472        
1367 472        
1368 472        
1369 489        
1370 489        
1371 489        
1372 489        
1373 489        
1374 489        
1375 489        
1376 489        
1377 489        
1378 489        
1379 489        
1380 489        
1381 507        
1382 507        
1383 507        
1384 507        
1385 507        
1386 507        
1387 507        
1388 507        
1389 507        
1390 507        
1391 507        
1392 507        
1393 524        
1394 524        
1395 524        
1396 524        
1397 524        
1398 524        
1399 524        
1400 524        
1401 524        
1402 524        
1403 524        
1404 524        
1405 540        
1406 540        
1407 540        
1408 540        
1409 540        
1410 540        
1411 540        
1412 540        
1413 540        
1414 540        
1415 540        
1416 540        
1417 560        
1418 560        
1419 560        
1420 560        
1421 560        
1422 560        
1423 560        
1424 560        
1425 560        
1426 560        
1427 560        
1428 560        
1429 575        
1430 575        
1431 575        
1432 575        
1433 575        
1434 575        
1435 575        
1436 575        
1437 575        
1438 575        
1439 575        
1440 575        
1441 593        
1442 593        
1443 593        
1444 593        
1445 593        
1446 593        
1447 593        
1448 593        
1449 593        
1450 593        
1451 593        
1452 593        
1453 608        
1454 608        
1455 608        
1456 608        
1457 608        
1458 608        
1459 608        
1460 608        
1461 608        
1462 608        
1463 608        
1464 608        
1465 629        
1466 629        
1467 629        
1468 629        
1469 629        
1470 629        
1471 629        
1472 629        
1473 629        
1474 629        
1475 629        
1476 629        
1477 644        
1478 644        
1479 644        
1480 644        
1481 644        
1482 644        
1483 644        
1484 644        
1485 644        
1486 644        
1487 644        
1488 644        
1489 665        
1490 665        
1491 665        
1492 665        
1493 665        
1494 665        
1495 665        
1496 665        
1497 665        
1498 665        
1499 665        
1500 665        
1501 678        
1502 678        
1503 678        
1504 678        
1505 678        
1506 678        
1507 678        
1508 678        
1509 678        
1510 678        
1511 678        
1512 678        
1513 699        
1514 699        
1515 699        
1516 699        
1517 699        
1518 699        
1519 699        
1520 699        
1521 699        
1522 699        
1523 699        
1524 699        
1525 715        
1526 715        
1527 715        
1528 715        
1529 715        
1530 715        
1531 715        
1532 715        
1533 715        
1534 715        
1535 715        
1536 715        
1537 734        
1538 734        
1539 734        
1540 734        
1541 734        
1542 734        
1543 734        
1544 734        
1545 734        
1546 734        
1547 734        
1548 734        
1549 752        
1550 752        
1551 752        
1552 752        
1553 752        
1554 752        
1555 752        
1556 752        
1557 752        
1558 752        
1559 752        
1560 752        
1561 768        
1562 768        
1563 768        
1564 768        
1565 768        
1566 768        
1567 768        
1568 768        
1569 768        
1570 768        
1571 768        
1572 768        
1573 787        
1574 787        
1575 787        
1576 787        
1577 787        
1578 787        
1579 787        
1580 787        
1581 787        
1582 787        
1583 787        
1584 787        
1585 806        
1586 806        
1587 806        
1588 806        
1589 806        
1590 806        
1591 806        
1592 806        
1593 806        
1594 806        
1595 806        
1596 806        
1597 822        
1598 822        
1599 822        
1600 822        
1601 822        
1602 822        
1603 822        
1604 822        
1605 822        
1606 822        
1607 822        
1608 822        
1609 841        
1610 841        
1611 841        
1612 841        
1613 841        
1614 841        
1615 841        
1616 841        
1617 841        
1618 841        
1619 841        
1620 841        
1621 861        
1622 861        
1623 861        
1624 861        
1625 861        
1626 861        
1627 861        
1628 861        
1629 861        
1630 861        
1631 861        
1632 861        
1633 877        
1634 877        
1635 877        
1636 877        
1637 877        
1638 877        
1639 877        
1640 877        
1641 877        
1642 877        
1643 877        
1644 877        
1645 897        
1646 897        
1647 897        
1648 897        
1649 897        
1650 897        
1651 897        
1652 897        
1653 897        
1654 897        
1655 897        
1656 897        
1657 916        
1658 916        
1659 916        
1660 916        
1661 916        
1662 916        
1663 916        
1664 916        
1665 916        
1666 916        
1667 916        
1668 916        
1669 933        
1670 933        
1671 933        
1672 933        
1673 933        
1674 933        
1675 933        
1676 933        
1677 933        
1678 933        
1679 933        
1680 933        
1681 945        
1682 945        
1683 945        
1684 945        
1685 945        
1686 945        
1687 945        
1688 945        
1689 945        
1690 945        
1691 945        
1692 945        
1693 957        
1694 957        
1695 957        
1696 957        
1697 957        
1698 957        
1699 957        
1700 957        
1701 957        
1702 957        
1703 957        
1704 957        
1705 972        
1706 972        
1707 972        
1708 972        
1709 972        
1710 972        
1711 972        
1712 972        
1713 972        
1714 972        
1715 972        
1716 972        
1717 984        
1718 984        
1719 984        
1720 984        
1721 984        
1722 984        
1723 984        
1724 984        
1725 984        
1726 984        
1727 984        
1728 984        
1729 997        
1730 997        
1731 997        
1732 997        
1733 997        
1734 997        
1735 997        
1736 997        
1737 997        
1738 997        
1739 997        
1740 997        
1741 1009       
1742 1009       
1743 1009       
1744 1009       
1745 1009       
1746 1009       
1747 1009       
1748 1009       
1749 1009       
1750 1009       
1751 1009       
1752 1009       
1753 1022       
1754 1022       
1755 1022       
1756 1022       
1757 1022       
1758 1022       
1759 1022       
1760 1022       
1761 1022       
1762 1022       
1763 1022       
1764 1022       
1765 1035       
1766 1035       
1767 1035       
1768 1035       
1769 1035       
1770 1035       
1771 1035       
1772 1035       
1773 1035       
1774 1035       
1775 1035       
1776 1035       
1777 1048       
1778 1048       
1779 1048       
1780 1048       
1781 1048       
1782 1048       
1783 1048       
1784 1048       
1785 1048       
1786 1048       
1787 1048       
1788 1048       
1789 1058       
1790 1058       
1791 1058       
1792 1058       
1793 1058       
1794 1058       
1795 1058       
1796 1058       
1797 1058       
1798 1058       
1799 1058       
1800 1058       
1801 1069       
1802 1069       
1803 1069       
1804 1069       
1805 1069       
1806 1069       
1807 1069       
1808 1069       
1809 1069       
1810 1069       
1811 1069       
1812 1069       
1813 1079       
1814 1079       
1815 1079       
1816 1079       
1817 1079       
1818 1079       
1819 1079       
1820 1079       
1821 1079       
1822 1079       
1823 1079       
1824 1079       
1825 1090       
1826 1090       
1827 1090       
1828 1090       
1829 1090       
1830 1090       
1831 1090       
1832 1090       
1833 1090       
1834 1090       
1835 1090       
1836 1090       
1837 1101       
1838 1101       
1839 1101       
1840 1101       
1841 1101       
1842 1101       
1843 1101       
1844 1101       
1845 1101       
1846 1101       
1847 1101       
1848 1101       
1849 1112       
1850 1112       
1851 1112       
1852 1112       
1853 1112       
1854 1112       
1855 1112       
1856 1112       
1857 1112       
1858 1112       
1859 1112       
1860 1112       
1861 1123       
1862 1123       
1863 1123       
1864 1123       
1865 1123       
1866 1123       
1867 1123       
1868 1123       
1869 1123       
1870 1123       
1871 1123       
1872 1123       
1873 1134       
1874 1134       
1875 1134       
1876 1134       
1877 1134       
1878 1134       
1879 1134       
1880 1134       
1881 1134       
1882 1134       
1883 1134       
1884 1134       
1885 1146       
1886 1146       
1887 1146       
1888 1146       
1889 1146       
1890 1146       
1891 1146       
1892 1146       
1893 1146       
1894 1146       
1895 1146       
1896 1146       
1897 1157       
1898 1157       
1899 1157       
1900 1157       
1901 1157       
1902 1157       
1903 1157       
1904 1157       
1905 1157       
1906 1157       
1907 1157       
1908 1157       
1909 1169       
1910 1169       
1911 1169       
1912 1169       
1913 1169       
1914 1169       
1915 1169       
1916 1169       
1917 1169       
1918 1169       
1919 1169       
1920 1169       
1921 1181       
1922 1181       
1923 1181       
1924 1181       
1925 1181       
1926 1181       
1927 1181       
1928 1181       
1929 1181       
1930 1181       
1931 1181       
1932 1181       
1933 1192       
1934 1192       
1935 1192       
1936 1192       
1937 1192       
1938 1192       
1939 1192       
1940 1192       
1941 1192       
1942 1192       
1943 1192       
1944 1192       
1945 1204       
1946 1204       
1947 1204       
1948 1204       
1949 1204       
1950 1204       
1951 1204       
1952 1204       
1953 1204       
1954 1204       
1955 1204       
1956 1204       
1957 1216       
1958 1216       
1959 1216       
1960 1216       
1961 1216       
1962 1216       
1963 1216       
1964 1216       
1965 1216       
1966 1216       
1967 1216       
1968 1216       
1969 1228       
1970 1228       
1971 1228       
1972 1228       
1973 1228       
1974 1228       
1975 1228       
1976 1228       
1977 1228       
1978 1228       
1979 1228       
1980 1228       
1981 1241       
1982 1241       
1983 1241       
1984 1241       
1985 1241       
1986 1241       
1987 1241       
1988 1241       
1989 1241       
1990 1241       
1991 1241       
1992 1241       
1993 1253       
1994 1253       
1995 1253       
1996 1253       
1997 1253       
1998 1253       
1999 1253       
2000 1253       
2001 1253       
2002 1253       
2003 1253       
2004 1253       
2005 1266       
2006 1266       
2007 1266       
2008 1266       
2009 1266       
2010 1266       
2011 1266       
2012 1266       
2013 1266       
2014 1266       
2015 1266       
2016 1266       
2017 1278       
2018 1278       
2019 1278       
2020 1278       
2021 1278       
2022 1278       
2023 1278       
2024 1278       
2025 1278       
2026 1278       
2027 1278       
2028 1278       
2029 1273       
2030 1273       
2031 1273       
2032 1273       
2033 1273       
2034 1273       
2035 1273       
2036 1273       
2037 1273       
2038 1273       
2039 1273       
2040 1273       
2041 1264       
2042 1264       
2043 1264       
2044 1264       
2045 1264       
2046 1264       
2047 1264       
2048 1264       
2049 1264       
2050 1264       
2051 1264       
2052 1264       
2053 1256       
2054 1256       
2055 1256       
2056 1256       
2057 1256       
2058 1256       
2059 1256       
2060 1256       
2061 1256       
2062 1256       
2063 1256       
2064 1256       
2065 1247       
2066 1247       
2067 1247       
2068 1247       
2069 1247       
2070 1247       
2071 1247       
2072 1247       
2073 1247       
2074 1247       
2075 1247       
2076 1247       
2077 1239       
2078 1239       
2079 1239       
2080 1239       
2081 1239       
2082 1239       
2083 1239       
2084 1239       
2085 1239       
2086 1239       
2087 1239       
2088 1239       
2089 1230       
2090 1230       
2091 1230       
2092 1230       
2093 1230       
2094 1230       
2095 1230       
2096 1230       
2097 1230       
2098 1230       
2099 1230       
2100 1230       
2101 1222       
2102 1222       
2103 1222       
2104 1222       
2105 1222       
2106 1222       
2107 1222       
2108 1222       
2109 1222       
2110 1222       
2111 1222       
2112 1222       
2113 1211       
2114 1211       
2115 1211       
2116 1211       
2117 1211       
2118 1211       
2119 1211       
2120 1211       
2121 1211       
2122 1211       
2123 1211       
2124 1211       
2125 1202       
2126 1202       
2127 1202       
2128 1202       
2129 1202       
2130 1202       
2131 1202       
2132 1202       
2133 1202       
2134 1202       
2135 1202       
2136 1202       
2137 1193       
2138 1193       
2139 1193       
2140 1193       
2141 1193       
2142 1193       
2143 1193       
2144 1193       
2145 1193       
2146 1193       
2147 1193       
2148 1193       
2149 1184       
2150 1184       
2151 1184       
2152 1184       
2153 1184       
2154 1184       
2155 1184       
2156 1184       
2157 1184       
2158 1184       
2159 1184       
2160 1184       
2161 1168       
2162 1168       
2163 1168       
2164 1168       
2165 1168       
2166 1168       
2167 1168       
2168 1168       
2169 1168       
2170 1168       
2171 1168       
2172 1168       
2173 1154       
2174 1154       
2175 1154       
2176 1154       
2177 1154       
2178 1154       
2179 1154       
2180 1154       
2181 1154       
2182 1154       
2183 1154       
2184 1154       
2185 1137       
2186 1137       
2187 1137       
2188 1137       
2189 1137       
2190 1137       
2191 1137       
2192 1137       
2193 1137       
2194 1137       
2195 1137       
2196 1137       
2197 1120       
2198 1120       
2199 1120       
2200 1120       
2201 1120       
2202 1120       
2203 1120       
2204 1120       
2205 1120       
2206 1120       
2207 1120       
2208 1120       
2209 1104       
2210 1104       
2211 1104       
2212 1104       
2213 1104       
2214 1104       
2215 1104       
2216 1104       
2217 1104       
2218 1104       
2219 1104       
2220 1104       
2221 1090       
2222 1090       
2223 1090       
2224 1090       
2225 1090       
2226 1090       
2227 1090       
2228 1090       
2229 1090       
2230 1090       
2231 1090       
2232 1090       
2233 1073       
2234 1073       
2235 1073       
2236 1073       
2237 1073       
2238 1073       
2239 1073       
2240 1073       
2241 1073       
2242 1073       
2243 1073       
2244 1073       
2245 1058       
2246 1058       
2247 1058       
2248 1058       
2249 1058       
2250 1058       
2251 1058       
2252 1058       
2253 1058       
2254 1058       
2255 1058       
2256 1058       
2257 1039       
2258 1039       
2259 1039       
2260 1039       
2261 1039       
2262 1039       
2263 1039       
2264 1039       
2265 1039       
2266 1039       
2267 1039       
2268 1039       
2269 1024       
2270 1024       
2271 1024       
2272 1024       
2273 1024       
2274 1024       
2275 1024       
2276 1024       
2277 1024       
2278 1024       
2279 1024       
2280 1024       
2281 1007       
2282 1007       
2283 1007       
2284 1007       
2285 1007       
2286 1007       
2287 1007       
2288 1007       
2289 1007       
2290 1007       
2291 1007       
2292 1007       
2293 990        
2294 990        
2295 990        
2296 990        
2297 990        
2298 990        
2299 990        
2300 990        
2301 990        
2302 990        
2303 990        
2304 990        
2305 973        
2306 973        
2307 973        
2308 973        
2309 973        
2310 973        
2311 973        
2312 973        
2313 973        
2314 973        
2315 973        
2316 973        
2317 958        
2318 958        
2319 958        
2320 958        
2321 958        
2322 958        
2323 958        
2324 958        
2325 958        
2326 958        
2327 958        
2328 958        
2329 941        
2330 941        
2331 941        
2332 941        
2333 941        
2334 941        
2335 941        
2336 941        
2337 941        
2338 941        
2339 941        
2340 941        
2341 923        
2342 923        
2343 923        
2344 923        
2345 923        
2346 923        
2347 923        
2348 923        
2349 923        
2350 923        
2351 923        
2352 923        
2353 906        
2354 906        
2355 906        
2356 906        
2357 906        
2358 906        
2359 906        
2360 906        
2361 906        
2362 906        
2363 906        
2364 906        
2365 890        
2366 890        
2367 890        
2368 890        
2369 890        
2370 890        
2371 890        
2372 890        
2373 890        
2374 890        
2375 890        
2376 890        
2377 870        
2378 870        
2379 870        
2380 870        
2381 870        
2382 870        
2383 870        
2384 870        
2385 870        
2386 870        
2387 870        
2388 870        
2389 855        
2390 855        
2391 855        
2392 855        
2393 855        
2394 855        
2395 855        
2396 855        
2397 855        
2398 855        
2399 855        
