Time Power  
420  720    
421  720    
422  720    
423  720    
424  720    
425  720    
426  720    
427  720    
428  720    
429  720    
430  720    
431  720    
432  720    
433  720    
434  720    
435  720    
436  720    
437  720    
438  720    
439  720    
440  720    
441  720    
442  720    
443  720    
444  720    
445  720    
446  720    
447  720    
448  720    
449  720    
450  720    
451  720    
452  720    
453  720    
454  720    
455  720    
456  720    
457  720    
458  720    
459  720    
460  720    
461  720    
462  720    
463  720    
464  720    
465  720    
466  720    
467  720    
468  720    
469  720    
470  720    
471  720    
472  720    
473  720    
474  720    
475  720    
476  720    
477  720    
478  720    
479  720    
480  1440   
481  1440   
482  1440   
483  1440   
484  1440   
485  1440   
486  1440   
487  1440   
488  1440   
489  1440   
490  1440   
491  1440   
492  1440   
493  1440   
494  1440   
495  1440   
496  1440   
497  1440   
498  1440   
499  1440   
500  1440   
501  1440   
502  1440   
503  1440   
504  1440   
505  1440   
506  1440   
507  1440   
508  1440   
509  1440   
510  1440   
511  1440   
512  1440   
513  1440   
514  1440   
515  1440   
516  2160   
517  2160   
518  2160   
519  2160   
520  2160   
521  2160   
522  2160   
523  2160   
524  2160   
525  2160   
526  2160   
527  2160   
528  2160   
529  2160   
530  2160   
531  2160   
532  2160   
533  2160   
534  2160   
535  2160   
536  2160   
537  2160   
538  2160   
539  2160   
540  2880   
541  2880   
542  2880   
543  2880   
544  2880   
545  2880   
546  2880   
547  2880   
548  2880   
549  2880   
550  2880   
551  2880   
552  2880   
553  2880   
554  2880   
555  2880   
556  2880   
557  2880   
558  2880   
559  2880   
560  2880   
561  2880   
562  2880   
563  2880   
564  3600   
565  3600   
566  3600   
567  3600   
568  3600   
569  3600   
570  3600   
571  3600   
572  3600   
573  3600   
574  3600   
575  3600   
576  3600   
577  3600   
578  3600   
579  3600   
580  3600   
581  3600   
582  3600   
583  3600   
584  3600   
585  3600   
586  3600   
587  3600   
588  4320   
589  4320   
590  4320   
591  4320   
592  4320   
593  4320   
594  4320   
595  4320   
596  4320   
597  4320   
598  4320   
599  4320   
600  4320   
601  4320   
602  4320   
603  4320   
604  4320   
605  4320   
606  4320   
607  4320   
608  4320   
609  4320   
610  4320   
611  4320   
612  5040   
613  5040   
614  5040   
615  5040   
616  5040   
617  5040   
618  5040   
619  5040   
620  5040   
621  5040   
622  5040   
623  5040   
624  5040   
625  5040   
626  5040   
627  5040   
628  5040   
629  5040   
630  5040   
631  5040   
632  5040   
633  5040   
634  5040   
635  5040   
636  5760   
637  5760   
638  5760   
639  5760   
640  5760   
641  5760   
642  5760   
643  5760   
644  5760   
645  5760   
646  5760   
647  5760   
648  6480   
649  6480   
650  6480   
651  6480   
652  6480   
653  6480   
654  6480   
655  6480   
656  6480   
657  6480   
658  6480   
659  6480   
660  7200   
661  7200   
662  7200   
663  7200   
664  7200   
665  7200   
666  7200   
667  7200   
668  7200   
669  7200   
670  7200   
671  7200   
672  7920   
673  7920   
674  7920   
675  7920   
676  7920   
677  7920   
678  7920   
679  7920   
680  7920   
681  7920   
682  7920   
683  7920   
684  8640   
685  8640   
686  8640   
687  8640   
688  8640   
689  8640   
690  8640   
691  8640   
692  8640   
693  8640   
694  8640   
695  8640   
696  9000   
697  9000   
698  9000   
699  9000   
700  9000   
701  9000   
702  9000   
703  9000   
704  9000   
705  9000   
706  9000   
707  9000   
708  9720   
709  9720   
710  9720   
711  9720   
712  9720   
713  9720   
714  9720   
715  9720   
716  9720   
717  9720   
718  9720   
719  9720   
720  10440  
721  10440  
722  10440  
723  10440  
724  10440  
725  10440  
726  10440  
727  10440  
728  10440  
729  10440  
730  10440  
731  10440  
732  11160  
733  11160  
734  11160  
735  11160  
736  11160  
737  11160  
738  11160  
739  11160  
740  11160  
741  11160  
742  11160  
743  11160  
744  11880  
745  11880  
746  11880  
747  11880  
748  11880  
749  11880  
750  11880  
751  11880  
752  11880  
753  11880  
754  11880  
755  11880  
756  12600  
757  12600  
758  12600  
759  12600  
760  12600  
761  12600  
762  12600  
763  12600  
764  12600  
765  12600  
766  12600  
767  12600  
768  13680  
769  13680  
770  13680  
771  13680  
772  13680  
773  13680  
774  13680  
775  13680  
776  13680  
777  13680  
778  13680  
779  13680  
780  15120  
781  15120  
782  15120  
783  15120  
784  15120  
785  15120  
786  15120  
787  15120  
788  15120  
789  15120  
790  15120  
791  15120  
792  16920  
793  16920  
794  16920  
795  16920  
796  16920  
797  16920  
798  16920  
799  16920  
800  16920  
801  16920  
802  16920  
803  16920  
804  18720  
805  18720  
806  18720  
807  18720  
808  18720  
809  18720  
810  18720  
811  18720  
812  18720  
813  18720  
814  18720  
815  18720  
816  20520  
817  20520  
818  20520  
819  20520  
820  20520  
821  20520  
822  20520  
823  20520  
824  20520  
825  20520  
826  20520  
827  20520  
828  22320  
829  22320  
830  22320  
831  22320  
832  22320  
833  22320  
834  22320  
835  22320  
836  22320  
837  22320  
838  22320  
839  22320  
840  24120  
841  24120  
842  24120  
843  24120  
844  24120  
845  24120  
846  24120  
847  24120  
848  24120  
849  24120  
850  24120  
851  24120  
852  25920  
853  25920  
854  25920  
855  25920  
856  25920  
857  25920  
858  25920  
859  25920  
860  25920  
861  25920  
862  25920  
863  25920  
864  27720  
865  27720  
866  27720  
867  27720  
868  27720  
869  27720  
870  27720  
871  27720  
872  27720  
873  27720  
874  27720  
875  27720  
876  29520  
877  29520  
878  29520  
879  29520  
880  29520  
881  29520  
882  29520  
883  29520  
884  29520  
885  29520  
886  29520  
887  29520  
888  31320  
889  31320  
890  31320  
891  31320  
892  31320  
893  31320  
894  31320  
895  31320  
896  31320  
897  31320  
898  31320  
899  31320  
900  33120  
901  33120  
902  33120  
903  33120  
904  33120  
905  33120  
906  33120  
907  33120  
908  33120  
909  33120  
910  33120  
911  33120  
912  35280  
913  35280  
914  35280  
915  35280  
916  35280  
917  35280  
918  35280  
919  35280  
920  35280  
921  35280  
922  35280  
923  35280  
924  37080  
925  37080  
926  37080  
927  37080  
928  37080  
929  37080  
930  37080  
931  37080  
932  37080  
933  37080  
934  37080  
935  37080  
936  38880  
937  38880  
938  38880  
939  38880  
940  38880  
941  38880  
942  38880  
943  38880  
944  38880  
945  38880  
946  38880  
947  38880  
948  41040  
949  41040  
950  41040  
951  41040  
952  41040  
953  41040  
954  41040  
955  41040  
956  41040  
957  41040  
958  41040  
959  41040  
960  42840  
961  42840  
962  42840  
963  42840  
964  42840  
965  42840  
966  42840  
967  42840  
968  42840  
969  42840  
970  42840  
971  42840  
972  45720  
973  45720  
974  45720  
975  45720  
976  45720  
977  45720  
978  45720  
979  45720  
980  45720  
981  45720  
982  45720  
983  45720  
984  48600  
985  48600  
986  48600  
987  48600  
988  48600  
989  48600  
990  48600  
991  48600  
992  48600  
993  48600  
994  48600  
995  48600  
996  51480  
997  51480  
998  51480  
999  51480  
1000 51480  
1001 51480  
1002 51480  
1003 51480  
1004 51480  
1005 51480  
1006 51480  
1007 51480  
1008 54720  
1009 54720  
1010 54720  
1011 54720  
1012 54720  
1013 54720  
1014 54720  
1015 54720  
1016 54720  
1017 54720  
1018 54720  
1019 54720  
1020 57600  
1021 57600  
1022 57600  
1023 57600  
1024 57600  
1025 57600  
1026 57600  
1027 57600  
1028 57600  
1029 57600  
1030 57600  
1031 57600  
1032 60480  
1033 60480  
1034 60480  
1035 60480  
1036 60480  
1037 60480  
1038 60480  
1039 60480  
1040 60480  
1041 60480  
1042 60480  
1043 60480  
1044 63720  
1045 63720  
1046 63720  
1047 63720  
1048 63720  
1049 63720  
1050 63720  
1051 63720  
1052 63720  
1053 63720  
1054 63720  
1055 63720  
1056 66600  
1057 66600  
1058 66600  
1059 66600  
1060 66600  
1061 66600  
1062 66600  
1063 66600  
1064 66600  
1065 66600  
1066 66600  
1067 66600  
1068 69840  
1069 69840  
1070 69840  
1071 69840  
1072 69840  
1073 69840  
1074 69840  
1075 69840  
1076 69840  
1077 69840  
1078 69840  
1079 69840  
1080 72720  
1081 72720  
1082 72720  
1083 72720  
1084 72720  
1085 72720  
1086 72720  
1087 72720  
1088 72720  
1089 72720  
1090 72720  
1091 72720  
1092 76680  
1093 76680  
1094 76680  
1095 76680  
1096 76680  
1097 76680  
1098 76680  
1099 76680  
1100 76680  
1101 76680  
1102 76680  
1103 76680  
1104 79920  
1105 79920  
1106 79920  
1107 79920  
1108 79920  
1109 79920  
1110 79920  
1111 79920  
1112 79920  
1113 79920  
1114 79920  
1115 79920  
1116 83160  
1117 83160  
1118 83160  
1119 83160  
1120 83160  
1121 83160  
1122 83160  
1123 83160  
1124 83160  
1125 83160  
1126 83160  
1127 83160  
1128 86400  
1129 86400  
1130 86400  
1131 86400  
1132 86400  
1133 86400  
1134 86400  
1135 86400  
1136 86400  
1137 86400  
1138 86400  
1139 86400  
1140 91800  
1141 91800  
1142 91800  
1143 91800  
1144 91800  
1145 91800  
1146 91800  
1147 91800  
1148 91800  
1149 91800  
1150 91800  
1151 91800  
1152 96840  
1153 96840  
1154 96840  
1155 96840  
1156 96840  
1157 96840  
1158 96840  
1159 96840  
1160 96840  
1161 96840  
1162 96840  
1163 96840  
1164 102600 
1165 102600 
1166 102600 
1167 102600 
1168 102600 
1169 102600 
1170 102600 
1171 102600 
1172 102600 
1173 102600 
1174 102600 
1175 102600 
1176 108720 
1177 108720 
1178 108720 
1179 108720 
1180 108720 
1181 108720 
1182 108720 
1183 108720 
1184 108720 
1185 108720 
1186 108720 
1187 108720 
1188 114840 
1189 114840 
1190 114840 
1191 114840 
1192 114840 
1193 114840 
1194 114840 
1195 114840 
1196 114840 
1197 114840 
1198 114840 
1199 114840 
1200 119880 
1201 119880 
1202 119880 
1203 119880 
1204 119880 
1205 119880 
1206 119880 
1207 119880 
1208 119880 
1209 119880 
1210 119880 
1211 119880 
1212 125640 
1213 125640 
1214 125640 
1215 125640 
1216 125640 
1217 125640 
1218 125640 
1219 125640 
1220 125640 
1221 125640 
1222 125640 
1223 125640 
1224 131040 
1225 131040 
1226 131040 
1227 131040 
1228 131040 
1229 131040 
1230 131040 
1231 131040 
1232 131040 
1233 131040 
1234 131040 
1235 131040 
1236 137880 
1237 137880 
1238 137880 
1239 137880 
1240 137880 
1241 137880 
1242 137880 
1243 137880 
1244 137880 
1245 137880 
1246 137880 
1247 137880 
1248 143280 
1249 143280 
1250 143280 
1251 143280 
1252 143280 
1253 143280 
1254 143280 
1255 143280 
1256 143280 
1257 143280 
1258 143280 
1259 143280 
1260 149400 
1261 149400 
1262 149400 
1263 149400 
1264 149400 
1265 149400 
1266 149400 
1267 149400 
1268 149400 
1269 149400 
1270 149400 
1271 149400 
1272 155520 
1273 155520 
1274 155520 
1275 155520 
1276 155520 
1277 155520 
1278 155520 
1279 155520 
1280 155520 
1281 155520 
1282 155520 
1283 155520 
1284 161640 
1285 161640 
1286 161640 
1287 161640 
1288 161640 
1289 161640 
1290 161640 
1291 161640 
1292 161640 
1293 161640 
1294 161640 
1295 161640 
1296 167040 
1297 167040 
1298 167040 
1299 167040 
1300 167040 
1301 167040 
1302 167040 
1303 167040 
1304 167040 
1305 167040 
1306 167040 
1307 167040 
1308 173160 
1309 173160 
1310 173160 
1311 173160 
1312 173160 
1313 173160 
1314 173160 
1315 173160 
1316 173160 
1317 173160 
1318 173160 
1319 173160 
1320 179280 
1321 179280 
1322 179280 
1323 179280 
1324 179280 
1325 179280 
1326 179280 
1327 179280 
1328 179280 
1329 179280 
1330 179280 
1331 179280 
1332 185760 
1333 185760 
1334 185760 
1335 185760 
1336 185760 
1337 185760 
1338 185760 
1339 185760 
1340 185760 
1341 185760 
1342 185760 
1343 185760 
1344 191160 
1345 191160 
1346 191160 
1347 191160 
1348 191160 
1349 191160 
1350 191160 
1351 191160 
1352 191160 
1353 191160 
1354 191160 
1355 191160 
1356 198360 
1357 198360 
1358 198360 
1359 198360 
1360 198360 
1361 198360 
1362 198360 
1363 198360 
1364 198360 
1365 198360 
1366 198360 
1367 198360 
1368 203760 
1369 203760 
1370 203760 
1371 203760 
1372 203760 
1373 203760 
1374 203760 
1375 203760 
1376 203760 
1377 203760 
1378 203760 
1379 203760 
1380 210240 
1381 210240 
1382 210240 
1383 210240 
1384 210240 
1385 210240 
1386 210240 
1387 210240 
1388 210240 
1389 210240 
1390 210240 
1391 210240 
1392 216720 
1393 213480 
1394 212400 
1395 208800 
1396 213120 
1397 214560 
1398 214560 
1399 217080 
1400 216720 
1401 217440 
1402 217800 
1403 218160 
1404 218880 
1405 215640 
1406 215640 
1407 215280 
1408 219600 
1409 219600 
1410 219240 
1411 219240 
1412 219600 
1413 219600 
1414 219960 
1415 220320 
1416 220680 
1417 221040 
1418 221040 
1419 221040 
1420 222480 
1421 222840 
1422 222840 
1423 222840 
1424 222840 
1425 222840 
1426 223200 
1427 223560 
1428 223560 
1429 223920 
1430 224280 
1431 223920 
1432 225720 
1433 226800 
1434 227160 
1435 227160 
1436 227520 
1437 227520 
1438 227520 
1439 227520 
1440 227160 
1441 227160 
1442 227160 
1443 227520 
1444 228960 
1445 230040 
1446 231120 
1447 231480 
1448 231480 
1449 231480 
1450 231480 
1451 231480 
1452 231120 
1453 231840 
1454 231840 
1455 232200 
1456 234000 
1457 235080 
1458 236160 
1459 236880 
1460 237240 
1461 237240 
1462 236520 
1463 236520 
1464 236520 
1465 236880 
1466 238320 
1467 238320 
1468 239760 
1469 241200 
1470 241920 
1471 242640 
1472 243360 
1473 243720 
1474 243720 
1475 243720 
1476 243000 
1477 243000 
1478 243360 
1479 242280 
1480 245160 
1481 245880 
1482 246960 
1483 247680 
1484 248400 
1485 248760 
1486 249120 
1487 249120 
1488 249120 
1489 249120 
1490 248760 
1491 249120 
1492 250920 
1493 251280 
1494 252000 
1495 252000 
1496 253800 
1497 254520 
1498 254880 
1499 255600 
1500 254160 
1501 254880 
1502 255240 
1503 255600 
1504 255600 
1505 255960 
1506 256680 
1507 257040 
1508 258120 
1509 259200 
1510 259920 
1511 260280 
1512 261000 
1513 261000 
1514 261360 
1515 261360 
1516 261720 
1517 261720 
1518 262080 
1519 262440 
1520 263160 
1521 264240 
1522 264960 
1523 265680 
1524 264960 
1525 265680 
1526 266760 
1527 266760 
1528 267120 
1529 267120 
1530 267480 
1531 267480 
1532 268200 
1533 268920 
1534 270000 
1535 270720 
1536 271080 
1537 271440 
1538 271800 
1539 271800 
1540 272160 
1541 272520 
1542 272520 
1543 272880 
1544 273240 
1545 274320 
1546 275040 
1547 275760 
1548 275760 
1549 276120 
1550 276120 
1551 276480 
1552 276480 
1553 277200 
1554 277200 
1555 277200 
1556 277920 
1557 278640 
1558 279360 
1559 280440 
1560 281160 
1561 281520 
1562 282600 
1563 282600 
1564 282960 
1565 281880 
1566 282960 
1567 281520 
1568 281880 
1569 283680 
1570 284400 
1571 285120 
1572 285120 
1573 285120 
1574 285840 
1575 285120 
1576 285840 
1577 285480 
1578 284760 
1579 283680 
1580 286200 
1581 286560 
1582 287280 
1583 288000 
1584 288360 
1585 289080 
1586 290160 
1587 290880 
1588 290520 
1589 289080 
1590 288000 
1591 288360 
1592 290520 
1593 291240 
1594 291960 
1595 292320 
1596 292320 
1597 292680 
1598 293760 
1599 294480 
1600 294480 
1601 294120 
1602 294120 
1603 294480 
1604 294480 
1605 294840 
1606 295560 
1607 295560 
1608 295560 
1609 296280 
1610 298080 
1611 299160 
1612 299520 
1613 297720 
1614 298080 
1615 298080 
1616 298440 
1617 299880 
1618 299880 
1619 300240 
1620 299880 
1621 300600 
1622 301680 
1623 302760 
1624 303120 
1625 303480 
1626 303840 
1627 303480 
1628 303840 
1629 304200 
1630 303840 
1631 304200 
1632 303840 
1633 304560 
1634 306360 
1635 307800 
1636 308520 
1637 308520 
1638 308880 
1639 308880 
1640 309240 
1641 309600 
1642 309600 
1643 309240 
1644 309240 
1645 309600 
1646 310680 
1647 311400 
1648 312480 
1649 312840 
1650 313200 
1651 313560 
1652 313560 
1653 314280 
1654 314280 
1655 314280 
1656 313920 
1657 314280 
1658 316080 
1659 316800 
1660 317880 
1661 318240 
1662 318960 
1663 318960 
1664 319320 
1665 319680 
1666 320040 
1667 318600 
1668 318240 
1669 319680 
1670 320400 
1671 321120 
1672 321840 
1673 322200 
1674 322920 
1675 323280 
1676 323640 
1677 324000 
1678 322560 
1679 322560 
1680 323640 
1681 323640 
1682 325440 
1683 326160 
1684 326520 
1685 327240 
1686 327960 
1687 328320 
1688 328680 
1689 328680 
1690 328680 
1691 328680 
1692 328320 
1693 329040 
1694 330120 
1695 330840 
1696 331200 
1697 331560 
1698 332280 
1699 333000 
1700 333360 
1701 333720 
1702 332640 
1703 332640 
1704 332280 
1705 333360 
1706 334800 
1707 335160 
1708 335520 
1709 335880 
1710 336600 
1711 337320 
1712 338040 
1713 338400 
1714 338400 
1715 338400 
1716 337680 
1717 338040 
1718 339480 
1719 339840 
1720 340200 
1721 340200 
1722 340920 
1723 341640 
1724 342360 
1725 343080 
1726 343080 
1727 343080 
1728 342360 
1729 342360 
1730 343800 
1731 344160 
1732 344520 
1733 344520 
1734 345240 
1735 345960 
1736 346680 
1737 347400 
1738 348120 
1739 348120 
1740 346680 
1741 347040 
1742 347760 
1743 347760 
1744 348120 
1745 348480 
1746 348840 
1747 349560 
1748 350640 
1749 351360 
1750 352080 
1751 352440 
1752 350640 
1753 351000 
1754 352080 
1755 352440 
1756 352440 
1757 352800 
1758 353520 
1759 353880 
1760 354960 
1761 355680 
1762 356400 
1763 356760 
1764 355320 
1765 355680 
1766 357120 
1767 356400 
1768 357480 
1769 357480 
1770 357840 
1771 358560 
1772 358920 
1773 360000 
1774 360720 
1775 361440 
1776 360000 
1777 360360 
1778 361440 
1779 361800 
1780 362160 
1781 361800 
1782 362880 
1783 363240 
1784 363960 
1785 364680 
1786 365400 
1787 366120 
1788 364680 
1789 365040 
1790 366840 
1791 366480 
1792 367200 
1793 367560 
1794 367560 
1795 368280 
1796 368640 
1797 369360 
1798 370080 
1799 370800 
1800 369720 
1801 370440 
1802 371520 
1803 371880 
1804 371880 
1805 372240 
1806 372960 
1807 373320 
1808 373680 
1809 374040 
1810 374760 
1811 375480 
1812 374400 
1813 375120 
1814 377280 
1815 377280 
1816 377640 
1817 376920 
1818 378000 
1819 378720 
1820 379080 
1821 379440 
1822 380160 
1823 380520 
1824 379440 
1825 380520 
1826 382680 
1827 383400 
1828 383400 
1829 383040 
1830 383760 
1831 384120 
1832 384840 
1833 384840 
1834 385560 
1835 385920 
1836 384840 
1837 385560 
1838 388800 
1839 389160 
1840 389520 
1841 389160 
1842 389520 
1843 389880 
1844 390240 
1845 390600 
1846 390960 
1847 391680 
1848 390600 
1849 391320 
1850 394560 
1851 394920 
1852 395280 
1853 394920 
1854 395280 
1855 395640 
1856 395640 
1857 396360 
1858 396720 
1859 397080 
1860 396000 
1861 396720 
1862 399960 
1863 400320 
1864 401040 
1865 400680 
1866 401400 
1867 401400 
1868 401760 
1869 401760 
1870 402120 
1871 402840 
1872 401040 
1873 401760 
1874 405000 
1875 405720 
1876 406440 
1877 406440 
1878 406440 
1879 406800 
1880 406800 
1881 407160 
1882 407520 
1883 407880 
1884 406800 
1885 407160 
1886 410400 
1887 411120 
1888 411840 
1889 411840 
1890 412560 
1891 412560 
1892 412920 
1893 412920 
1894 413280 
1895 413640 
1896 412200 
1897 412920 
1898 415800 
1899 416520 
1900 417240 
1901 417600 
1902 417960 
1903 418320 
1904 418680 
1905 419040 
1906 419400 
1907 419400 
1908 417600 
1909 418320 
1910 421200 
1911 421920 
1912 422640 
1913 423000 
1914 423720 
1915 424080 
1916 424440 
1917 424080 
1918 424800 
1919 425160 
1920 423720 
1921 424080 
1922 426960 
1923 427680 
1924 428400 
1925 428760 
1926 429480 
1927 430200 
1928 430560 
1929 430560 
1930 430920 
1931 431280 
1932 429120 
1933 429120 
1934 432360 
1935 432720 
1936 433440 
1937 433440 
1938 434520 
1939 435240 
1940 435960 
1941 435960 
1942 436320 
1943 436680 
1944 434160 
1945 434520 
1946 437400 
1947 438120 
1948 438840 
1949 438840 
1950 439920 
1951 441000 
1952 441720 
1953 442080 
1954 442080 
1955 442440 
1956 439560 
1957 440280 
1958 443880 
1959 444240 
1960 444960 
1961 444960 
1962 445680 
1963 446760 
1964 447480 
1965 448200 
1966 448560 
1967 448560 
1968 446040 
1969 446040 
1970 449280 
1971 449640 
1972 450000 
1973 450360 
1974 451080 
1975 452160 
1976 452880 
1977 453600 
1978 453960 
1979 454680 
1980 451800 
1981 452160 
1982 455040 
1983 455400 
1984 456120 
1985 455760 
1986 457200 
1987 457920 
1988 459000 
1989 459360 
1990 460440 
1991 460440 
1992 458280 
1993 458280 
1994 461520 
1995 461880 
1996 462600 
1997 462600 
1998 463320 
1999 463320 
2000 463320 
2001 463320 
2002 463320 
2003 463320 
2004 460080 
2005 460080 
2006 460080 
2007 460080 
2008 460080 
2009 460080 
2010 460080 
2011 460080 
2012 460080 
2013 460080 
2014 460080 
2015 460080 
2016 457200 
2017 457200 
2018 457200 
2019 457200 
2020 457200 
2021 455760 
2022 457200 
2023 457200 
2024 457200 
2025 457200 
2026 457200 
2027 457200 
2028 453960 
2029 453960 
2030 453960 
2031 453960 
2032 453960 
2033 452520 
2034 453960 
2035 453960 
2036 453960 
2037 453960 
2038 453960 
2039 453960 
2040 451080 
2041 451080 
2042 451080 
2043 451080 
2044 451080 
2045 451080 
2046 451080 
2047 451080 
2048 451080 
2049 451080 
2050 451080 
2051 451080 
2052 447120 
2053 447120 
2054 447120 
2055 447120 
2056 447120 
2057 447120 
2058 447120 
2059 447120 
2060 447120 
2061 447120 
2062 447120 
2063 447120 
2064 443880 
2065 443880 
2066 443880 
2067 443880 
2068 443880 
2069 443880 
2070 443880 
2071 443880 
2072 443880 
2073 443880 
2074 443880 
2075 443880 
2076 440640 
2077 440640 
2078 440640 
2079 440640 
2080 440640 
2081 440640 
2082 440640 
2083 440640 
2084 440640 
2085 440640 
2086 440640 
2087 440640 
2088 437400 
2089 437400 
2090 437400 
2091 437400 
2092 437400 
2093 437400 
2094 437400 
2095 437400 
2096 437400 
2097 437400 
2098 437400 
2099 437400 
2100 432000 
2101 432000 
2102 432000 
2103 432000 
2104 432000 
2105 432000 
2106 432000 
2107 432000 
2108 432000 
2109 432000 
2110 432000 
2111 432000 
2112 426960 
2113 426960 
2114 426960 
2115 426960 
2116 426960 
2117 426960 
2118 426960 
2119 426960 
2120 426960 
2121 426960 
2122 426960 
2123 426960 
2124 421200 
2125 421200 
2126 421200 
2127 421200 
2128 421200 
2129 421200 
2130 421200 
2131 421200 
2132 421200 
2133 421200 
2134 421200 
2135 421200 
2136 415080 
2137 415080 
2138 415080 
2139 415080 
2140 415080 
2141 415080 
2142 415080 
2143 415080 
2144 415080 
2145 415080 
2146 415080 
2147 415080 
2148 408960 
2149 408960 
2150 408960 
2151 408960 
2152 408960 
2153 408960 
2154 408960 
2155 408960 
2156 408960 
2157 408960 
2158 408960 
2159 408960 
2160 403920 
2161 403920 
2162 403920 
2163 403920 
2164 403920 
2165 403920 
2166 403920 
2167 403920 
2168 403920 
2169 403920 
2170 403920 
2171 403920 
2172 398160 
2173 398160 
2174 398160 
2175 398160 
2176 398160 
2177 398160 
2178 398160 
2179 398160 
2180 398160 
2181 398160 
2182 398160 
2183 398160 
2184 392760 
2185 392760 
2186 392760 
2187 392760 
2188 392760 
2189 392760 
2190 392760 
2191 392760 
2192 392760 
2193 392760 
2194 392760 
2195 392760 
2196 385920 
2197 385920 
2198 385920 
2199 385920 
2200 385920 
2201 385920 
2202 385920 
2203 385920 
2204 385920 
2205 385920 
2206 385920 
2207 385920 
2208 380520 
2209 380520 
2210 380520 
2211 380520 
2212 380520 
2213 380520 
2214 380520 
2215 380520 
2216 380520 
2217 380520 
2218 380520 
2219 380520 
2220 374400 
2221 374400 
2222 374400 
2223 374400 
2224 374400 
2225 374400 
2226 374400 
2227 374400 
2228 374400 
2229 374400 
2230 374400 
2231 374400 
2232 368280 
2233 368280 
2234 368280 
2235 368280 
2236 368280 
2237 368280 
2238 368280 
2239 368280 
2240 368280 
2241 368280 
2242 368280 
2243 368280 
2244 362160 
2245 362160 
2246 362160 
2247 362160 
2248 362160 
2249 362160 
2250 362160 
2251 362160 
2252 362160 
2253 362160 
2254 362160 
2255 362160 
2256 356760 
2257 356760 
2258 356760 
2259 356760 
2260 356760 
2261 356760 
2262 356760 
2263 356760 
2264 356760 
2265 356760 
2266 356760 
2267 356760 
2268 350640 
2269 350640 
2270 350640 
2271 350640 
2272 350640 
2273 350640 
2274 350640 
2275 350640 
2276 350640 
2277 350640 
2278 350640 
2279 350640 
2280 344520 
2281 344520 
2282 344520 
2283 344520 
2284 344520 
2285 344520 
2286 344520 
2287 344520 
2288 344520 
2289 344520 
2290 344520 
2291 344520 
2292 338040 
2293 338040 
2294 338040 
2295 338040 
2296 338040 
2297 338040 
2298 338040 
2299 338040 
2300 338040 
2301 338040 
2302 338040 
2303 338040 
2304 332640 
2305 332640 
2306 332640 
2307 332640 
2308 332640 
2309 332640 
2310 332640 
2311 332640 
2312 332640 
2313 332640 
2314 332640 
2315 332640 
2316 325440 
2317 325440 
2318 325440 
2319 325440 
2320 325440 
2321 325440 
2322 325440 
2323 325440 
2324 325440 
2325 325440 
2326 325440 
2327 325440 
2328 320040 
2329 320040 
2330 320040 
2331 320040 
2332 320040 
2333 320040 
2334 320040 
2335 320040 
2336 320040 
2337 320040 
2338 320040 
2339 320040 
2340 312840 
2341 312840 
2342 312840 
2343 312840 
2344 312840 
2345 312840 
2346 312840 
2347 312840 
2348 312840 
2349 312840 
2350 312840 
2351 312840 
2352 304920 
2353 304920 
2354 304920 
2355 304920 
2356 304920 
2357 304920 
2358 304920 
2359 304920 
2360 304920 
2361 304920 
2362 304920 
2363 304920 
2364 291600 
2365 291600 
2366 291600 
2367 291600 
2368 291600 
2369 291600 
2370 291600 
2371 291600 
2372 291600 
2373 291600 
2374 291600 
2375 291600 
2376 283680 
2377 283680 
2378 283680 
2379 283680 
2380 283680 
2381 283680 
2382 283680 
2383 283680 
2384 283680 
2385 283680 
2386 283680 
2387 283680 
2388 272160 
2389 272160 
2390 272160 
2391 272160 
2392 272160 
2393 272160 
2394 272160 
2395 272160 
2396 272160 
2397 272160 
2398 272160 
2399 272160 
