Time Power 
1    90000 
2    90000 
3    90000 
4    90000 
5    90000 
6    90000 
7    90000 
8    90000 
9    90000 
10   90000 
11   90000 
12   90000 
13   90000 
14   90000 
15   90000 
16   90000 
17   90000 
18   90000 
19   90000 
20   90000 
21   90000 
22   90000 
23   90000 
24   90000 
25   90000 
26   90000 
27   90000 
28   90000 
29   90000 
30   90000 
31   90000 
32   90000 
33   90000 
34   90000 
35   90000 
36   90000 
37   90000 
38   90000 
39   90000 
40   90000 
41   90000 
42   90000 
43   90000 
44   90000 
45   90000 
46   90000 
47   90000 
48   90000 
49   90000 
50   90000 
51   90000 
52   90000 
53   90000 
54   90000 
55   90000 
56   90000 
57   90000 
58   90000 
59   90000 
60   90000 
61   90000 
62   90000 
63   90000 
64   90000 
65   90000 
66   90000 
67   90000 
68   90000 
69   90000 
70   90000 
71   90000 
72   90000 
73   90000 
74   90000 
75   90000 
76   90000 
77   90000 
78   90000 
79   90000 
80   90000 
81   90000 
82   90000 
83   90000 
84   90000 
85   90000 
86   90000 
87   90000 
88   90000 
89   90000 
90   90000 
91   90000 
92   90000 
93   90000 
94   90000 
95   90000 
96   90000 
97   90000 
98   90000 
99   90000 
100  90000 
101  90000 
102  90000 
103  90000 
104  90000 
105  90000 
106  90000 
107  90000 
108  90000 
109  90000 
110  90000 
111  90000 
112  90000 
113  90000 
114  90000 
115  90000 
116  90000 
117  90000 
118  90000 
119  90000 
120  90000 
121  90000 
122  90000 
123  90000 
124  90000 
125  90000 
126  90000 
127  90000 
128  90000 
129  90000 
130  90000 
131  90000 
132  90000 
133  90000 
134  90000 
135  90000 
136  90000 
137  90000 
138  90000 
139  90000 
140  90000 
141  90000 
142  90000 
143  90000 
144  90000 
145  90000 
146  90000 
147  90000 
148  90000 
149  90000 
150  90000 
151  90000 
152  90000 
153  90000 
154  90000 
155  90000 
156  90000 
157  90000 
158  90000 
159  90000 
160  90000 
161  90000 
162  90000 
163  90000 
164  90000 
165  90000 
166  90000 
167  90000 
168  90000 
169  90000 
170  90000 
171  90000 
172  90000 
173  90000 
174  90000 
175  90000 
176  90000 
177  90000 
178  90000 
179  90000 
180  90000 
181  90000 
182  90000 
183  90000 
184  90000 
185  90000 
186  90000 
187  90000 
188  90000 
189  90000 
190  90000 
191  90000 
192  90000 
193  90000 
194  90000 
195  90000 
196  90000 
197  90000 
198  90000 
199  90000 
200  90000 
201  90000 
202  90000 
203  90000 
204  90000 
205  90000 
206  90000 
207  90000 
208  90000 
209  90000 
210  90000 
211  90000 
212  90000 
213  90000 
214  90000 
215  90000 
216  90000 
217  90000 
218  90000 
219  90000 
220  90000 
221  90000 
222  90000 
223  90000 
224  90000 
225  90000 
226  90000 
227  90000 
228  90000 
229  90000 
230  90000 
231  90000 
232  90000 
233  90000 
234  90000 
235  90000 
236  90000 
237  90000 
238  90000 
239  90000 
240  90000 
241  90000 
242  87300 
243  87300 
244  87300 
245  87300 
246  87300 
247  87300 
248  87300 
249  87300 
250  87300 
251  87300 
252  87300 
253  87300 
254  85500 
255  85500 
256  85500 
257  85500 
258  85500 
259  85500 
260  85500 
261  85500 
262  85500 
263  85500 
264  85500 
265  85500 
266  82800 
267  82800 
268  82800 
269  82800 
270  82800 
271  82800 
272  82800 
273  82800 
274  82800 
275  82800 
276  82800 
277  82800 
278  81000 
279  81000 
280  81000 
281  81000 
282  81000 
283  81000 
284  81000 
285  81000 
286  81000 
287  81000 
288  81000 
289  81000 
290  78300 
291  78300 
292  78300 
293  78300 
294  78300 
295  78300 
296  78300 
297  78300 
298  78300 
299  78300 
300  78300 
301  78300 
302  76500 
303  76500 
304  76500 
305  76500 
306  76500 
307  76500 
308  76500 
309  76500 
310  76500 
311  76500 
312  76500 
313  76500 
314  73800 
315  73800 
316  73800 
317  73800 
318  73800 
319  73800 
320  73800 
321  73800 
322  73800 
323  73800 
324  73800 
325  73800 
326  72000 
327  72000 
328  72000 
329  72000 
330  72000 
331  72000 
332  72000 
333  72000 
334  72000 
335  72000 
336  72000 
337  72000 
338  69300 
339  69300 
340  69300 
341  69300 
342  69300 
343  69300 
344  69300 
345  69300 
346  69300 
347  69300 
348  69300 
349  69300 
350  67500 
351  67500 
352  67500 
353  67500 
354  67500 
355  67500 
356  67500 
357  67500 
358  67500 
359  67500 
360  67500 
361  67500 
362  64800 
363  64800 
364  64800 
365  64800 
366  64800 
367  64800 
368  64800 
369  64800 
370  64800 
371  64800 
372  64800 
373  64800 
374  63000 
375  63000 
376  63000 
377  63000 
378  63000 
379  63000 
380  63000 
381  63000 
382  63000 
383  63000 
384  63000 
385  63000 
386  60300 
387  60300 
388  60300 
389  60300 
390  60300 
391  60300 
392  60300 
393  60300 
394  60300 
395  60300 
396  60300 
397  60300 
398  58500 
399  58500 
400  58500 
401  58500 
402  58500 
403  58500 
404  58500 
405  58500 
406  58500 
407  58500 
408  58500 
409  58500 
410  55800 
411  55800 
412  55800 
413  55800 
414  55800 
415  55800 
416  55800 
417  55800 
418  55800 
419  55800 
420  55800 
421  55800 
422  54000 
423  54000 
424  54000 
425  54000 
426  54000 
427  54000 
428  54000 
429  54000 
430  54000 
431  54000 
432  54000 
433  54000 
434  51300 
435  51300 
436  51300 
437  51300 
438  51300 
439  51300 
440  51300 
441  51300 
442  51300 
443  51300 
444  51300 
445  51300 
446  49500 
447  49500 
448  49500 
449  49500 
450  49500 
451  49500 
452  49500 
453  49500 
454  49500 
455  49500 
456  49500 
457  49500 
458  46800 
459  46800 
460  46800 
461  46800 
462  46800 
463  46800 
464  46800 
465  46800 
466  46800 
467  46800 
468  46800 
469  46800 
470  45000 
471  45000 
472  45000 
473  45000 
474  45000 
475  45000 
476  45000 
477  45000 
478  45000 
479  45000 
480  45000 
481  45000 
482  42300 
483  42300 
484  42300 
485  42300 
486  42300 
487  42300 
488  42300 
489  42300 
490  42300 
491  42300 
492  42300 
493  42300 
494  40500 
495  40500 
496  40500 
497  40500 
498  40500 
499  40500 
500  40500 
501  40500 
502  40500 
503  40500 
504  40500 
505  40500 
506  37800 
507  37800 
508  37800 
509  37800 
510  37800 
511  37800 
512  37800 
513  37800 
514  37800 
515  37800 
516  37800 
517  37800 
518  36000 
519  36000 
520  36000 
521  36000 
522  36000 
523  36000 
524  36000 
525  36000 
526  36000 
527  36000 
528  36000 
529  36000 
530  33300 
531  33300 
532  33300 
533  33300 
534  33300 
535  33300 
536  33300 
537  33300 
538  33300 
539  33300 
540  33300 
541  33300 
542  31500 
543  31500 
544  31500 
545  31500 
546  31500 
547  31500 
548  31500 
549  31500 
550  31500 
551  31500 
552  31500 
553  31500 
554  28800 
555  28800 
556  28800 
557  28800 
558  28800 
559  28800 
560  28800 
561  28800 
562  28800 
563  28800 
564  28800 
565  28800 
566  27000 
567  27000 
568  27000 
569  27000 
570  27000 
571  27000 
572  27000 
573  27000 
574  27000 
575  27000 
576  27000 
577  27000 
578  24300 
579  24300 
580  24300 
581  24300 
582  24300 
583  24300 
584  24300 
585  24300 
586  24300 
587  24300 
588  24300 
589  24300 
590  22500 
591  22500 
592  22500 
593  22500 
594  22500 
595  22500 
596  22500 
597  22500 
598  22500 
599  22500 
600  22500 
601  22500 
602  19800 
603  19800 
604  19800 
605  19800 
606  19800 
607  19800 
608  19800 
609  19800 
610  19800 
611  19800 
612  19800 
613  19800 
614  18000 
615  18000 
616  18000 
617  18000 
618  18000 
619  18000 
620  18000 
621  18000 
622  18000 
623  18000 
624  18000 
625  18000 
626  15300 
627  15300 
628  15300 
629  15300 
630  15300 
631  15300 
632  15300 
633  15300 
634  15300 
635  15300 
636  15300 
637  15300 
638  13500 
639  13500 
640  13500 
641  13500 
642  13500 
643  13500 
644  13500 
645  13500 
646  13500 
647  13500 
648  13500 
649  13500 
650  10800 
651  10800 
652  10800 
653  10800 
654  10800 
655  10800 
656  10800 
657  10800 
658  10800 
659  10800 
660  10800 
661  10800 
662  9000  
663  9000  
664  9000  
665  9000  
666  9000  
667  9000  
668  9000  
669  9000  
670  9000  
671  9000  
672  9000  
673  9000  
674  6300  
675  6300  
676  6300  
677  6300  
678  6300  
679  6300  
680  6300  
681  6300  
682  6300  
683  6300  
684  6300  
685  6300  
686  4500  
687  4500  
688  4500  
689  4500  
690  4500  
691  4500  
692  4500  
693  4500  
694  4500  
695  4500  
696  4500  
697  4500  
698  1800  
699  1800  
700  1800  
701  1800  
702  1800  
703  1800  
704  1800  
705  1800  
706  1800  
707  1800  
708  1800  
709  1800  
