Time Power  
13   900    
14   900    
15   900    
16   900    
17   900    
18   900    
19   900    
20   900    
21   900    
22   900    
23   900    
24   900    
25   1800   
26   1800   
27   1800   
28   1800   
29   1800   
30   1800   
31   1800   
32   1800   
33   1800   
34   1800   
35   1800   
36   1800   
37   2700   
38   2700   
39   2700   
40   2700   
41   2700   
42   2700   
43   2700   
44   2700   
45   2700   
46   2700   
47   2700   
48   2700   
49   3600   
50   3600   
51   3600   
52   3600   
53   3600   
54   3600   
55   3600   
56   3600   
57   3600   
58   3600   
59   3600   
60   3600   
61   4500   
62   4500   
63   4500   
64   4500   
65   4500   
66   4500   
67   4500   
68   4500   
69   4500   
70   4500   
71   4500   
72   4500   
73   5400   
74   5400   
75   5400   
76   5400   
77   5400   
78   5400   
79   5400   
80   5400   
81   5400   
82   5400   
83   5400   
84   5400   
85   6300   
86   6300   
87   6300   
88   6300   
89   6300   
90   6300   
91   6300   
92   6300   
93   6300   
94   6300   
95   6300   
96   6300   
97   7200   
98   7200   
99   7200   
100  7200   
101  7200   
102  7200   
103  7200   
104  7200   
105  7200   
106  7200   
107  7200   
108  7200   
109  8100   
110  8100   
111  8100   
112  8100   
113  8100   
114  8100   
115  8100   
116  8100   
117  8100   
118  8100   
119  8100   
120  8100   
121  9000   
122  9000   
123  9000   
124  9000   
125  9000   
126  9000   
127  9000   
128  9000   
129  9000   
130  9000   
131  9000   
132  9000   
133  10800  
134  10800  
135  10800  
136  10800  
137  10800  
138  10800  
139  10800  
140  10800  
141  10800  
142  10800  
143  10800  
144  10800  
145  11700  
146  11700  
147  11700  
148  11700  
149  11700  
150  11700  
151  11700  
152  11700  
153  11700  
154  11700  
155  11700  
156  11700  
157  12600  
158  12600  
159  12600  
160  12600  
161  12600  
162  12600  
163  12600  
164  12600  
165  12600  
166  12600  
167  12600  
168  12600  
169  13500  
170  13500  
171  13500  
172  13500  
173  13500  
174  13500  
175  13500  
176  13500  
177  13500  
178  13500  
179  13500  
180  13500  
181  17100  
182  17100  
183  17100  
184  17100  
185  17100  
186  17100  
187  17100  
188  17100  
189  17100  
190  17100  
191  17100  
192  17100  
193  19800  
194  19800  
195  19800  
196  19800  
197  19800  
198  19800  
199  19800  
200  19800  
201  19800  
202  19800  
203  19800  
204  19800  
205  23400  
206  23400  
207  23400  
208  23400  
209  23400  
210  23400  
211  23400  
212  23400  
213  23400  
214  23400  
215  23400  
216  23400  
217  27000  
218  27000  
219  27000  
220  27000  
221  27000  
222  27000  
223  27000  
224  27000  
225  27000  
226  27000  
227  27000  
228  27000  
229  30600  
230  30600  
231  30600  
232  30600  
233  30600  
234  30600  
235  30600  
236  30600  
237  30600  
238  30600  
239  30600  
240  30600  
241  33300  
242  33300  
243  33300  
244  33300  
245  33300  
246  33300  
247  33300  
248  33300  
249  33300  
250  33300  
251  33300  
252  33300  
253  36900  
254  36900  
255  36900  
256  36900  
257  36900  
258  36900  
259  36900  
260  36900  
261  36900  
262  36900  
263  36900  
264  36900  
265  39600  
266  39600  
267  39600  
268  39600  
269  39600  
270  39600  
271  39600  
272  39600  
273  39600  
274  39600  
275  39600  
276  39600  
277  44100  
278  44100  
279  44100  
280  44100  
281  44100  
282  44100  
283  44100  
284  44100  
285  44100  
286  44100  
287  44100  
288  44100  
289  46800  
290  46800  
291  46800  
292  46800  
293  46800  
294  46800  
295  46800  
296  46800  
297  46800  
298  46800  
299  46800  
300  46800  
301  50400  
302  50400  
303  50400  
304  50400  
305  50400  
306  50400  
307  50400  
308  50400  
309  50400  
310  50400  
311  50400  
312  50400  
313  54000  
314  54000  
315  54000  
316  54000  
317  54000  
318  54000  
319  54000  
320  54000  
321  54000  
322  54000  
323  54000  
324  54000  
325  57600  
326  57600  
327  57600  
328  57600  
329  57600  
330  57600  
331  57600  
332  57600  
333  57600  
334  57600  
335  57600  
336  57600  
337  60300  
338  60300  
339  60300  
340  60300  
341  60300  
342  60300  
343  60300  
344  60300  
345  60300  
346  60300  
347  60300  
348  60300  
349  63900  
350  63900  
351  63900  
352  63900  
353  63900  
354  63900  
355  63900  
356  63900  
357  63900  
358  63900  
359  63900  
360  63900  
361  67500  
362  67500  
363  67500  
364  67500  
365  67500  
366  67500  
367  67500  
368  67500  
369  67500  
370  67500  
371  67500  
372  67500  
373  71100  
374  71100  
375  71100  
376  71100  
377  71100  
378  71100  
379  71100  
380  71100  
381  71100  
382  71100  
383  71100  
384  71100  
385  73800  
386  73800  
387  73800  
388  73800  
389  73800  
390  73800  
391  73800  
392  73800  
393  73800  
394  73800  
395  73800  
396  73800  
397  78300  
398  78300  
399  78300  
400  78300  
401  78300  
402  78300  
403  78300  
404  78300  
405  78300  
406  78300  
407  78300  
408  78300  
409  81000  
410  81000  
411  81000  
412  81000  
413  81000  
414  81000  
415  81000  
416  81000  
417  81000  
418  81000  
419  81000  
420  81000  
421  84600  
422  84600  
423  84600  
424  84600  
425  84600  
426  84600  
427  84600  
428  84600  
429  84600  
430  84600  
431  84600  
432  84600  
433  87300  
434  87300  
435  87300  
436  87300  
437  87300  
438  87300  
439  87300  
440  87300  
441  87300  
442  87300  
443  87300  
444  87300  
445  91800  
446  91800  
447  91800  
448  91800  
449  91800  
450  91800  
451  91800  
452  91800  
453  91800  
454  91800  
455  91800  
456  91800  
457  94500  
458  94500  
459  94500  
460  94500  
461  94500  
462  94500  
463  94500  
464  94500  
465  94500  
466  94500  
467  94500  
468  94500  
469  99000  
470  99000  
471  99000  
472  99000  
473  99000  
474  99000  
475  99000  
476  99000  
477  99000  
478  99000  
479  99000  
480  99000  
481  100800 
482  100800 
483  100800 
484  100800 
485  100800 
486  100800 
487  100800 
488  100800 
489  100800 
490  100800 
491  100800 
492  100800 
493  105300 
494  105300 
495  105300 
496  105300 
497  105300 
498  105300 
499  105300 
500  105300 
501  105300 
502  105300 
503  105300 
504  105300 
505  108000 
506  108000 
507  108000 
508  108000 
509  108000 
510  108000 
511  108000 
512  108000 
513  108000 
514  108000 
515  108000 
516  108000 
517  111600 
518  111600 
519  111600 
520  111600 
521  111600 
522  111600 
523  111600 
524  111600 
525  111600 
526  111600 
527  111600 
528  111600 
529  115200 
530  115200 
531  115200 
532  115200 
533  115200 
534  115200 
535  115200 
536  115200 
537  115200 
538  115200 
539  115200 
540  115200 
541  117900 
542  117900 
543  117900 
544  117900 
545  117900 
546  117900 
547  117900 
548  117900 
549  117900 
550  117900 
551  117900 
552  117900 
553  121500 
554  121500 
555  121500 
556  121500 
557  121500 
558  121500 
559  121500 
560  121500 
561  121500 
562  121500 
563  121500 
564  121500 
565  125100 
566  125100 
567  125100 
568  125100 
569  125100 
570  125100 
571  125100 
572  125100 
573  125100 
574  125100 
575  125100 
576  125100 
577  127800 
578  127800 
579  127800 
580  127800 
581  127800 
582  127800 
583  127800 
584  127800 
585  127800 
586  127800 
587  127800 
588  127800 
589  131400 
590  131400 
591  131400 
592  131400 
593  131400 
594  131400 
595  131400 
596  131400 
597  131400 
598  131400 
599  131400 
600  131400 
601  135000 
602  135000 
603  135000 
604  135000 
605  135000 
606  135000 
607  135000 
608  135000 
609  135000 
610  135000 
611  135000 
612  135000 
613  137700 
614  137700 
615  137700 
616  137700 
617  137700 
618  137700 
619  137700 
620  137700 
621  137700 
622  137700 
623  137700 
624  137700 
625  141300 
626  141300 
627  141300 
628  141300 
629  141300 
630  141300 
631  141300 
632  141300 
633  141300 
634  141300 
635  141300 
636  141300 
637  144900 
638  144900 
639  144900 
640  144900 
641  144900 
642  144900 
643  144900 
644  144900 
645  144900 
646  144900 
647  144900 
648  144900 
649  147600 
650  147600 
651  147600 
652  147600 
653  147600 
654  147600 
655  147600 
656  147600 
657  147600 
658  147600 
659  147600 
660  147600 
661  148500 
662  148500 
663  148500 
664  148500 
665  148500 
666  148500 
667  148500 
668  148500 
669  148500 
670  148500 
671  148500 
672  148500 
673  149400 
674  149400 
675  149400 
676  149400 
677  149400 
678  149400 
679  149400 
680  149400 
681  149400 
682  149400 
683  149400 
684  149400 
685  150300 
686  150300 
687  150300 
688  150300 
689  150300 
690  150300 
691  150300 
692  150300 
693  150300 
694  150300 
695  150300 
696  150300 
697  151200 
698  151200 
699  151200 
700  151200 
701  151200 
702  151200 
703  151200 
704  151200 
705  151200 
706  151200 
707  151200 
708  151200 
709  152100 
710  152100 
711  152100 
712  152100 
713  152100 
714  152100 
715  152100 
716  152100 
717  152100 
718  152100 
719  152100 
720  152100 
721  153000 
722  153000 
723  153000 
724  153000 
725  153000 
726  153000 
727  153000 
728  153000 
729  153000 
730  153000 
731  153000 
732  153000 
733  153900 
734  153900 
735  153900 
736  153900 
737  153900 
738  153900 
739  153900 
740  153900 
741  153900 
742  153900 
743  153900 
744  153900 
745  154800 
746  154800 
747  154800 
748  154800 
749  154800 
750  154800 
751  154800 
752  154800 
753  154800 
754  154800 
755  154800 
756  154800 
757  155700 
758  155700 
759  155700 
760  155700 
761  155700 
762  155700 
763  155700 
764  155700 
765  155700 
766  155700 
767  155700 
768  155700 
769  156600 
770  156600 
771  156600 
772  156600 
773  156600 
774  156600 
775  156600 
776  156600 
777  156600 
778  156600 
779  156600 
780  156600 
781  156600 
782  156600 
783  156600 
784  156600 
785  156600 
786  156600 
787  156600 
788  156600 
789  156600 
790  156600 
791  156600 
792  156600 
793  156600 
794  156600 
795  156600 
796  156600 
797  156600 
798  156600 
799  156600 
800  156600 
801  156600 
802  156600 
803  156600 
804  156600 
805  156600 
806  156600 
807  156600 
808  156600 
809  156600 
810  156600 
811  156600 
812  156600 
813  156600 
814  156600 
815  156600 
816  156600 
817  156600 
818  156600 
819  156600 
820  156600 
821  156600 
822  156600 
823  156600 
824  156600 
825  156600 
826  156600 
827  156600 
828  156600 
829  156600 
830  156600 
831  156600 
832  156600 
833  156600 
834  156600 
835  156600 
836  156600 
837  156600 
838  156600 
839  156600 
840  156600 
841  156600 
842  156600 
843  156600 
844  156600 
845  156600 
846  156600 
847  156600 
848  156600 
849  156600 
850  156600 
851  156600 
852  156600 
853  156600 
854  156600 
855  156600 
856  156600 
857  156600 
858  156600 
859  156600 
860  156600 
861  156600 
862  156600 
863  156600 
864  156600 
865  156600 
866  156600 
867  156600 
868  156600 
869  156600 
870  156600 
871  156600 
872  156600 
873  156600 
874  156600 
875  156600 
876  156600 
877  156600 
878  156600 
879  156600 
880  156600 
881  156600 
882  156600 
883  156600 
884  156600 
885  156600 
886  156600 
887  156600 
888  156600 
889  156600 
890  156600 
891  156600 
892  156600 
893  156600 
894  156600 
895  156600 
896  156600 
897  156600 
898  156600 
899  156600 
900  156600 
901  156600 
902  156600 
903  156600 
904  156600 
905  156600 
906  156600 
907  156600 
908  156600 
909  156600 
910  156600 
911  156600 
912  156600 
913  156600 
914  156600 
915  156600 
916  156600 
917  156600 
918  156600 
919  156600 
920  156600 
921  156600 
922  156600 
923  156600 
924  156600 
925  156600 
926  156600 
927  156600 
928  156600 
929  156600 
930  156600 
931  156600 
932  156600 
933  156600 
934  156600 
935  156600 
936  156600 
937  156600 
938  156600 
939  156600 
940  156600 
941  156600 
942  156600 
943  156600 
944  156600 
945  156600 
946  156600 
947  156600 
948  156600 
949  156600 
950  156600 
951  156600 
952  156600 
953  156600 
954  156600 
955  156600 
956  156600 
957  156600 
958  156600 
959  156600 
960  156600 
961  156600 
962  156600 
963  156600 
964  156600 
965  156600 
966  156600 
967  156600 
968  156600 
969  156600 
970  156600 
971  156600 
972  156600 
973  155700 
974  155700 
975  155700 
976  155700 
977  155700 
978  155700 
979  155700 
980  155700 
981  155700 
982  155700 
983  155700 
984  155700 
985  154800 
986  154800 
987  154800 
988  154800 
989  154800 
990  154800 
991  154800 
992  154800 
993  154800 
994  154800 
995  154800 
996  154800 
997  153900 
998  153900 
999  153900 
1000 153900 
1001 153900 
1002 153900 
1003 153900 
1004 153900 
1005 153900 
1006 153900 
1007 153900 
1008 153900 
1009 153000 
1010 153000 
1011 153000 
1012 153000 
1013 153000 
1014 153000 
1015 153000 
1016 153000 
1017 153000 
1018 153000 
1019 153000 
1020 153000 
1021 152100 
1022 152100 
1023 152100 
1024 152100 
1025 152100 
1026 152100 
1027 152100 
1028 152100 
1029 152100 
1030 152100 
1031 152100 
1032 152100 
1033 151200 
1034 151200 
1035 151200 
1036 151200 
1037 151200 
1038 151200 
1039 151200 
1040 151200 
1041 151200 
1042 151200 
1043 151200 
1044 151200 
1045 150300 
1046 150300 
1047 150300 
1048 150300 
1049 150300 
1050 150300 
1051 150300 
1052 150300 
1053 150300 
1054 150300 
1055 150300 
1056 150300 
1057 149400 
1058 149400 
1059 149400 
1060 149400 
1061 149400 
1062 149400 
1063 149400 
1064 149400 
1065 149400 
1066 149400 
1067 149400 
1068 149400 
1069 148500 
1070 148500 
1071 148500 
1072 148500 
1073 148500 
1074 148500 
1075 148500 
1076 148500 
1077 148500 
1078 148500 
1079 148500 
1080 148500 
1081 147600 
1082 147600 
1083 147600 
1084 147600 
1085 147600 
1086 147600 
1087 147600 
1088 147600 
1089 147600 
1090 147600 
1091 147600 
1092 147600 
1093 145800 
1094 145800 
1095 145800 
1096 145800 
1097 145800 
1098 145800 
1099 145800 
1100 145800 
1101 145800 
1102 145800 
1103 145800 
1104 145800 
1105 144900 
1106 144900 
1107 144900 
1108 144900 
1109 144900 
1110 144900 
1111 144900 
1112 144900 
1113 144900 
1114 144900 
1115 144900 
1116 144900 
1117 144000 
1118 144000 
1119 144000 
1120 144000 
1121 144000 
1122 144000 
1123 144000 
1124 144000 
1125 144000 
1126 144000 
1127 144000 
1128 144000 
1129 143100 
1130 143100 
1131 143100 
1132 143100 
1133 143100 
1134 143100 
1135 143100 
1136 143100 
1137 143100 
1138 143100 
1139 143100 
1140 143100 
1141 139500 
1142 139500 
1143 139500 
1144 139500 
1145 139500 
1146 139500 
1147 139500 
1148 139500 
1149 139500 
1150 139500 
1151 139500 
1152 139500 
1153 136800 
1154 136800 
1155 136800 
1156 136800 
1157 136800 
1158 136800 
1159 136800 
1160 136800 
1161 136800 
1162 136800 
1163 136800 
1164 136800 
1165 133200 
1166 133200 
1167 133200 
1168 133200 
1169 133200 
1170 133200 
1171 133200 
1172 133200 
1173 133200 
1174 133200 
1175 133200 
1176 133200 
1177 129600 
1178 129600 
1179 129600 
1180 129600 
1181 129600 
1182 129600 
1183 129600 
1184 129600 
1185 129600 
1186 129600 
1187 129600 
1188 129600 
1189 126000 
1190 126000 
1191 126000 
1192 126000 
1193 126000 
1194 126000 
1195 126000 
1196 126000 
1197 126000 
1198 126000 
1199 126000 
1200 126000 
1201 123300 
1202 123300 
1203 123300 
1204 123300 
1205 123300 
1206 123300 
1207 123300 
1208 123300 
1209 123300 
1210 123300 
1211 123300 
1212 123300 
1213 119700 
1214 119700 
1215 119700 
1216 119700 
1217 119700 
1218 119700 
1219 119700 
1220 119700 
1221 119700 
1222 119700 
1223 119700 
1224 119700 
1225 117000 
1226 117000 
1227 117000 
1228 117000 
1229 117000 
1230 117000 
1231 117000 
1232 117000 
1233 117000 
1234 117000 
1235 117000 
1236 117000 
1237 112500 
1238 112500 
1239 112500 
1240 112500 
1241 112500 
1242 112500 
1243 112500 
1244 112500 
1245 112500 
1246 112500 
1247 112500 
1248 112500 
1249 109800 
1250 109800 
1251 109800 
1252 109800 
1253 109800 
1254 109800 
1255 109800 
1256 109800 
1257 109800 
1258 109800 
1259 109800 
1260 109800 
1261 106200 
1262 106200 
1263 106200 
1264 106200 
1265 106200 
1266 106200 
1267 106200 
1268 106200 
1269 106200 
1270 106200 
1271 106200 
1272 106200 
1273 102600 
1274 102600 
1275 102600 
1276 102600 
1277 102600 
1278 102600 
1279 102600 
1280 102600 
1281 102600 
1282 102600 
1283 102600 
1284 102600 
1285 99000  
1286 99000  
1287 99000  
1288 99000  
1289 99000  
1290 99000  
1291 99000  
1292 99000  
1293 99000  
1294 99000  
1295 99000  
1296 99000  
1297 96300  
1298 96300  
1299 96300  
1300 96300  
1301 96300  
1302 96300  
1303 96300  
1304 96300  
1305 96300  
1306 96300  
1307 96300  
1308 96300  
1309 92700  
1310 92700  
1311 92700  
1312 92700  
1313 92700  
1314 92700  
1315 92700  
1316 92700  
1317 92700  
1318 92700  
1319 92700  
1320 92700  
1321 89100  
1322 89100  
1323 89100  
1324 89100  
1325 89100  
1326 89100  
1327 89100  
1328 89100  
1329 89100  
1330 89100  
1331 89100  
1332 89100  
1333 85500  
1334 85500  
1335 85500  
1336 85500  
1337 85500  
1338 85500  
1339 85500  
1340 85500  
1341 85500  
1342 85500  
1343 85500  
1344 85500  
1345 82800  
1346 82800  
1347 82800  
1348 82800  
1349 82800  
1350 82800  
1351 82800  
1352 82800  
1353 82800  
1354 82800  
1355 82800  
1356 82800  
1357 78300  
1358 78300  
1359 78300  
1360 78300  
1361 78300  
1362 78300  
1363 78300  
1364 78300  
1365 78300  
1366 78300  
1367 78300  
1368 78300  
1369 75600  
1370 75600  
1371 75600  
1372 75600  
1373 75600  
1374 75600  
1375 75600  
1376 75600  
1377 75600  
1378 75600  
1379 75600  
1380 75600  
1381 72000  
1382 72000  
1383 72000  
1384 72000  
1385 72000  
1386 72000  
1387 72000  
1388 72000  
1389 72000  
1390 72000  
1391 72000  
1392 72000  
1393 69300  
1394 69300  
1395 69300  
1396 69300  
1397 69300  
1398 69300  
1399 69300  
1400 69300  
1401 69300  
1402 69300  
1403 69300  
1404 69300  
1405 64800  
1406 64800  
1407 64800  
1408 64800  
1409 64800  
1410 64800  
1411 64800  
1412 64800  
1413 64800  
1414 64800  
1415 64800  
1416 64800  
1417 62100  
1418 62100  
1419 62100  
1420 62100  
1421 62100  
1422 62100  
1423 62100  
1424 62100  
1425 62100  
1426 62100  
1427 62100  
1428 62100  
1429 57600  
1430 57600  
1431 57600  
1432 57600  
1433 57600  
1434 57600  
1435 57600  
1436 57600  
1437 57600  
1438 57600  
1439 57600  
1440 57600  
1441 55800  
1442 55800  
1443 55800  
1444 55800  
1445 55800  
1446 55800  
1447 55800  
1448 55800  
1449 55800  
1450 55800  
1451 55800  
1452 55800  
1453 51300  
1454 51300  
1455 51300  
1456 51300  
1457 51300  
1458 51300  
1459 51300  
1460 51300  
1461 51300  
1462 51300  
1463 51300  
1464 51300  
1465 48600  
1466 48600  
1467 48600  
1468 48600  
1469 48600  
1470 48600  
1471 48600  
1472 48600  
1473 48600  
1474 48600  
1475 48600  
1476 48600  
1477 45000  
1478 45000  
1479 45000  
1480 45000  
1481 45000  
1482 45000  
1483 45000  
1484 45000  
1485 45000  
1486 45000  
1487 45000  
1488 45000  
1489 41400  
1490 41400  
1491 41400  
1492 41400  
1493 41400  
1494 41400  
1495 41400  
1496 41400  
1497 41400  
1498 41400  
1499 41400  
1500 41400  
1501 38700  
1502 38700  
1503 38700  
1504 38700  
1505 38700  
1506 38700  
1507 38700  
1508 38700  
1509 38700  
1510 38700  
1511 38700  
1512 38700  
1513 35100  
1514 35100  
1515 35100  
1516 35100  
1517 35100  
1518 35100  
1519 35100  
1520 35100  
1521 35100  
1522 35100  
1523 35100  
1524 35100  
1525 31500  
1526 31500  
1527 31500  
1528 31500  
1529 31500  
1530 31500  
1531 31500  
1532 31500  
1533 31500  
1534 31500  
1535 31500  
1536 31500  
1537 28800  
1538 28800  
1539 28800  
1540 28800  
1541 28800  
1542 28800  
1543 28800  
1544 28800  
1545 28800  
1546 28800  
1547 28800  
1548 28800  
1549 25200  
1550 25200  
1551 25200  
1552 25200  
1553 25200  
1554 25200  
1555 25200  
1556 25200  
1557 25200  
1558 25200  
1559 25200  
1560 25200  
1561 21600  
1562 21600  
1563 21600  
1564 21600  
1565 21600  
1566 21600  
1567 21600  
1568 21600  
1569 21600  
1570 21600  
1571 21600  
1572 21600  
1573 18900  
1574 18900  
1575 18900  
1576 18900  
1577 18900  
1578 18900  
1579 18900  
1580 18900  
1581 18900  
1582 18900  
1583 18900  
1584 18900  
1585 15300  
1586 15300  
1587 15300  
1588 15300  
1589 15300  
1590 15300  
1591 15300  
1592 15300  
1593 15300  
1594 15300  
1595 15300  
1596 15300  
1597 11700  
1598 11700  
1599 11700  
1600 11700  
1601 11700  
1602 11700  
1603 11700  
1604 11700  
1605 11700  
1606 11700  
1607 11700  
1608 11700  
1609 9000   
1610 9000   
1611 9000   
1612 9000   
1613 9000   
1614 9000   
1615 9000   
1616 9000   
1617 9000   
1618 9000   
1619 9000   
1620 9000   
1621 8100   
1622 8100   
1623 8100   
1624 8100   
1625 8100   
1626 8100   
1627 8100   
1628 8100   
1629 8100   
1630 8100   
1631 8100   
1632 8100   
1633 7200   
1634 7200   
1635 7200   
1636 7200   
1637 7200   
1638 7200   
1639 7200   
1640 7200   
1641 7200   
1642 7200   
1643 7200   
1644 7200   
1645 6300   
1646 6300   
1647 6300   
1648 6300   
1649 6300   
1650 6300   
1651 6300   
1652 6300   
1653 6300   
1654 6300   
1655 6300   
1656 6300   
1657 5400   
1658 5400   
1659 5400   
1660 5400   
1661 5400   
1662 5400   
1663 5400   
1664 5400   
1665 5400   
1666 5400   
1667 5400   
1668 5400   
1669 4500   
1670 4500   
1671 4500   
1672 4500   
1673 4500   
1674 4500   
1675 4500   
1676 4500   
1677 4500   
1678 4500   
1679 4500   
1680 4500   
1681 3600   
1682 3600   
1683 3600   
1684 3600   
1685 3600   
1686 3600   
1687 3600   
1688 3600   
1689 3600   
1690 3600   
1691 3600   
1692 3600   
1693 2700   
1694 2700   
1695 2700   
1696 2700   
1697 2700   
1698 2700   
1699 2700   
1700 2700   
1701 2700   
1702 2700   
1703 2700   
1704 2700   
1705 1800   
1706 1800   
1707 1800   
1708 1800   
1709 1800   
1710 1800   
1711 1800   
1712 1800   
1713 1800   
1714 1800   
1715 1800   
1716 1800   
1717 900    
1718 900    
1719 900    
1720 900    
1721 900    
1722 900    
1723 900    
1724 900    
1725 900    
1726 900    
1727 900    
1728 900    
