Time Quantity      
0    0             
1    0             
2    0             
3    0             
4    0             
5    0             
6    0             
7    0             
8    0             
9    0             
10   1.4783e+06    
11   1.4783e+06    
12   1.4783e+06    
13   1.4783e+06    
14   1.4783e+06    
15   1.4783e+06    
16   1.4783e+06    
17   1.4783e+06    
18   1.4783e+06    
19   2.9566e+06    
20   2.9566e+06    
21   2.9566e+06    
22   2.9566e+06    
23   2.9566e+06    
24   2.9566e+06    
25   2.9566e+06    
26   2.9566e+06    
27   2.9566e+06    
28   4.4349e+06    
29   4.4349e+06    
30   4.4349e+06    
31   4.4349e+06    
32   4.4349e+06    
33   4.4349e+06    
34   4.4349e+06    
35   4.4349e+06    
36   4.4349e+06    
37   5.9132e+06    
38   5.9132e+06    
39   5.9132e+06    
40   5.9132e+06    
41   5.9132e+06    
42   5.9132e+06    
43   5.9132e+06    
44   5.9132e+06    
45   5.9132e+06    
46   7.3915e+06    
47   7.3915e+06    
48   7.3915e+06    
49   7.3915e+06    
50   7.3915e+06    
51   7.3915e+06    
52   7.3915e+06    
53   7.3915e+06    
54   7.3915e+06    
55   8.8698e+06    
56   8.8698e+06    
57   8.8698e+06    
58   8.8698e+06    
59   8.8698e+06    
60   8.8698e+06    
61   8.8698e+06    
62   8.8698e+06    
63   8.8698e+06    
64   1.03481e+07   
65   1.03481e+07   
66   1.03481e+07   
67   1.03481e+07   
68   1.03481e+07   
69   1.03481e+07   
70   1.03481e+07   
71   1.03481e+07   
72   1.03481e+07   
73   1.18264e+07   
74   1.18264e+07   
75   1.18264e+07   
76   1.18264e+07   
77   1.18264e+07   
78   1.18264e+07   
79   1.18264e+07   
80   1.18264e+07   
81   1.18264e+07   
82   1.33047e+07   
83   1.33047e+07   
84   1.33047e+07   
85   1.33047e+07   
86   1.33047e+07   
87   1.33047e+07   
88   1.33047e+07   
89   1.33047e+07   
90   1.33047e+07   
91   1.4783e+07    
92   1.4783e+07    
93   1.4783e+07    
94   1.4783e+07    
95   1.4783e+07    
96   1.4783e+07    
97   1.4783e+07    
98   1.4783e+07    
99   1.4783e+07    
100  1.62613e+07   
101  1.62613e+07   
102  1.62613e+07   
103  1.62613e+07   
104  1.62613e+07   
105  1.62613e+07   
106  1.62613e+07   
107  1.62613e+07   
108  1.62613e+07   
109  1.77396e+07   
110  1.77396e+07   
111  1.77396e+07   
112  1.77396e+07   
113  1.77396e+07   
114  1.77396e+07   
115  1.77396e+07   
116  1.77396e+07   
117  1.77396e+07   
118  1.92179e+07   
119  1.92179e+07   
120  1.92179e+07   
121  1.92179e+07   
122  1.92179e+07   
123  1.92179e+07   
124  1.92179e+07   
125  1.92179e+07   
126  1.92179e+07   
127  2.06962e+07   
128  2.06962e+07   
129  2.06962e+07   
130  2.06962e+07   
131  2.06962e+07   
132  2.06962e+07   
133  2.06962e+07   
134  2.06962e+07   
135  2.06962e+07   
136  2.21745e+07   
137  2.21745e+07   
138  2.21745e+07   
139  2.21745e+07   
140  2.21745e+07   
141  2.21745e+07   
142  2.21745e+07   
143  2.21745e+07   
144  2.21745e+07   
145  2.36528e+07   
146  2.36528e+07   
147  2.36528e+07   
148  2.36528e+07   
149  2.36528e+07   
150  2.36528e+07   
151  2.36528e+07   
152  2.36528e+07   
153  2.36528e+07   
154  2.51311e+07   
155  2.51311e+07   
156  2.51311e+07   
157  2.51311e+07   
158  2.51311e+07   
159  2.51311e+07   
160  2.51311e+07   
161  2.51311e+07   
162  2.51311e+07   
163  2.66094e+07   
164  2.66094e+07   
165  2.66094e+07   
166  2.66094e+07   
167  2.66094e+07   
168  2.66094e+07   
169  2.66094e+07   
170  2.66094e+07   
171  2.66094e+07   
172  2.80877e+07   
173  2.80877e+07   
174  2.80877e+07   
175  2.80877e+07   
176  2.80877e+07   
177  2.80877e+07   
178  2.80877e+07   
179  2.80877e+07   
180  1.33047e+07   
181  1.4783e+07    
182  1.4783e+07    
183  1.4783e+07    
184  1.4783e+07    
185  1.33047e+07   
186  1.33047e+07   
187  1.33047e+07   
188  1.33047e+07   
189  1.33047e+07   
190  1.4783e+07    
191  1.4783e+07    
192  1.4783e+07    
193  1.4783e+07    
194  1.33047e+07   
195  1.33047e+07   
196  1.33047e+07   
197  1.33047e+07   
198  1.33047e+07   
199  1.4783e+07    
200  1.4783e+07    
201  1.4783e+07    
202  1.4783e+07    
203  1.33047e+07   
204  1.33047e+07   
205  1.33047e+07   
206  1.33047e+07   
207  1.33047e+07   
208  1.4783e+07    
209  1.4783e+07    
210  1.4783e+07    
211  1.4783e+07    
212  1.33047e+07   
213  1.33047e+07   
214  1.33047e+07   
215  1.33047e+07   
216  1.33047e+07   
217  1.4783e+07    
218  1.4783e+07    
219  1.4783e+07    
220  1.4783e+07    
221  1.33047e+07   
222  1.33047e+07   
223  1.33047e+07   
224  1.33047e+07   
225  1.33047e+07   
226  1.4783e+07    
227  1.4783e+07    
228  1.4783e+07    
229  1.4783e+07    
230  1.33047e+07   
231  1.33047e+07   
232  1.33047e+07   
233  1.33047e+07   
234  1.33047e+07   
235  1.4783e+07    
236  1.4783e+07    
237  1.4783e+07    
238  1.4783e+07    
239  1.33047e+07   
240  1.33047e+07   
241  1.3570794e+07 
242  1.3570794e+07 
243  1.3570794e+07 
244  1.5004745e+07 
245  1.5004745e+07 
246  1.5004745e+07 
247  1.5004745e+07 
248  1.3526445e+07 
249  1.3526445e+07 
250  1.3526445e+07 
251  1.3526445e+07 
252  1.3526445e+07 
253  1.5108226e+07 
254  1.5108226e+07 
255  1.5108226e+07 
256  1.5108226e+07 
257  1.3629926e+07 
258  1.3629926e+07 
259  1.3629926e+07 
260  1.3629926e+07 
261  1.3629926e+07 
262  1.5034311e+07 
263  1.5034311e+07 
264  1.5034311e+07 
265  1.5300405e+07 
266  1.3822105e+07 
267  1.3822105e+07 
268  1.3822105e+07 
269  1.3822105e+07 
270  1.3822105e+07 
271  1.5182141e+07 
272  1.5182141e+07 
273  1.5182141e+07 
274  1.5182141e+07 
275  1.3703841e+07 
276  1.3703841e+07 
277  1.3881237e+07 
278  1.3881237e+07 
279  1.3881237e+07 
280  1.5211707e+07 
281  1.5211707e+07 
282  1.5211707e+07 
283  1.5211707e+07 
284  1.3733407e+07 
285  1.3733407e+07 
286  1.3733407e+07 
287  1.3733407e+07 
288  1.3733407e+07 
289  1.5285622e+07 
290  1.5285622e+07 
291  1.5285622e+07 
292  1.5285622e+07 
293  1.3807322e+07 
294  1.3807322e+07 
295  1.3807322e+07 
296  1.3807322e+07 
297  1.3807322e+07 
298  1.5093443e+07 
299  1.5093443e+07 
300  1.5093443e+07 
301  1.5270839e+07 
302  1.3792539e+07 
303  1.3792539e+07 
304  1.3792539e+07 
305  1.3792539e+07 
306  1.3792539e+07 
307  1.5049094e+07 
308  1.5049094e+07 
309  1.5049094e+07 
310  1.5049094e+07 
311  1.3570794e+07 
312  1.3570794e+07 
313  1.3836888e+07 
314  1.3836888e+07 
315  1.3836888e+07 
316  1.5049094e+07 
317  1.5049094e+07 
318  1.5049094e+07 
319  1.5049094e+07 
320  1.3570794e+07 
321  1.3570794e+07 
322  1.3570794e+07 
323  1.3570794e+07 
324  1.3570794e+07 
325  1.493083e+07  
326  1.4664736e+07 
327  1.4664736e+07 
328  1.4664736e+07 
329  1.3230785e+07 
330  1.3230785e+07 
331  1.3230785e+07 
332  1.3230785e+07 
333  1.3230785e+07 
334  1.4413425e+07 
335  1.4413425e+07 
336  1.4413425e+07 
337  1.4679519e+07 
338  1.3097738e+07 
339  1.3097738e+07 
340  1.3097738e+07 
341  1.3097738e+07 
342  1.3097738e+07 
343  1.4236029e+07 
344  1.4236029e+07 
345  1.4236029e+07 
346  1.4236029e+07 
347  1.2831644e+07 
348  1.2831644e+07 
349  1.300904e+07  
350  1.2742946e+07 
351  1.2742946e+07 
352  1.3851671e+07 
353  1.3851671e+07 
354  1.3851671e+07 
355  1.3851671e+07 
356  1.2491635e+07 
357  1.2491635e+07 
358  1.2491635e+07 
359  1.2491635e+07 
360  1.2491635e+07 
361  1.3822105e+07 
362  1.3644709e+07 
363  1.3644709e+07 
364  1.3644709e+07 
365  1.2314239e+07 
366  1.2314239e+07 
367  1.2314239e+07 
368  1.2314239e+07 
369  1.2314239e+07 
370  1.3378615e+07 
371  1.3378615e+07 
372  1.3378615e+07 
373  1.3556011e+07 
374  1.2003796e+07 
375  1.2003796e+07 
376  1.2003796e+07 
377  1.2003796e+07 
378  1.2003796e+07 
379  1.3038606e+07 
380  1.3038606e+07 
381  1.3038606e+07 
382  1.3038606e+07 
383  1.1752485e+07 
384  1.1752485e+07 
385  1.2018579e+07 
386  1.1841183e+07 
387  1.1841183e+07 
388  1.2831644e+07 
389  1.2831644e+07 
390  1.2831644e+07 
391  1.2831644e+07 
392  1.1575089e+07 
393  1.1575089e+07 
394  1.1575089e+07 
395  1.1575089e+07 
396  1.1575089e+07 
397  1.271338e+07  
398  1.2447286e+07 
399  1.2447286e+07 
400  1.2447286e+07 
401  1.123508e+07  
402  1.123508e+07  
403  1.123508e+07  
404  1.123508e+07  
405  1.123508e+07  
406  1.2195975e+07 
407  1.2195975e+07 
408  1.2195975e+07 
409  1.2462069e+07 
410  1.1102033e+07 
411  1.1102033e+07 
412  1.1102033e+07 
413  1.1102033e+07 
414  1.1102033e+07 
415  1.2018579e+07 
416  1.2018579e+07 
417  1.2018579e+07 
418  1.2018579e+07 
419  1.0835939e+07 
420  1.0835939e+07 
421  1.1013335e+07 
422  1.0747241e+07 
423  1.0747241e+07 
424  1.1634221e+07 
425  1.1634221e+07 
426  1.1634221e+07 
427  1.1634221e+07 
428  1.049593e+07  
429  1.049593e+07  
430  1.049593e+07  
431  1.049593e+07  
432  1.049593e+07  
433  1.1604655e+07 
434  1.1427259e+07 
435  1.1427259e+07 
436  1.1427259e+07 
437  1.0318534e+07 
438  1.0318534e+07 
439  1.0318534e+07 
440  1.0318534e+07 
441  1.0318534e+07 
442  1.1161165e+07 
443  1.1161165e+07 
444  1.1161165e+07 
445  1.1338561e+07 
446  1.0008091e+07 
447  1.0008091e+07 
448  1.0008091e+07 
449  1.0008091e+07 
450  1.0008091e+07 
451  1.0821156e+07 
452  1.0821156e+07 
453  1.0821156e+07 
454  1.0821156e+07 
455  9.75678e+06   
456  9.75678e+06   
457  1.0022874e+07 
458  9.845478e+06  
459  9.845478e+06  
460  1.0614194e+07 
461  1.0614194e+07 
462  1.0614194e+07 
463  1.0614194e+07 
464  9.579384e+06  
465  9.579384e+06  
466  9.579384e+06  
467  9.579384e+06  
468  9.579384e+06  
469  1.049593e+07  
470  1.0229836e+07 
471  1.0229836e+07 
472  1.0229836e+07 
473  9.239375e+06  
474  9.239375e+06  
475  9.239375e+06  
476  9.239375e+06  
477  9.239375e+06  
478  9.978525e+06  
479  9.978525e+06  
480  9.978525e+06  
481  1.0244619e+07 
482  9.106328e+06  
483  9.106328e+06  
484  9.106328e+06  
485  9.106328e+06  
486  9.106328e+06  
487  9.801129e+06  
488  9.801129e+06  
489  9.801129e+06  
490  9.801129e+06  
491  8.840234e+06  
492  8.840234e+06  
493  9.01763e+06   
494  8.751536e+06  
495  8.751536e+06  
496  9.416771e+06  
497  9.416771e+06  
498  9.416771e+06  
499  9.416771e+06  
500  8.500225e+06  
501  8.500225e+06  
502  8.500225e+06  
503  8.500225e+06  
504  8.500225e+06  
505  9.387205e+06  
506  9.209809e+06  
507  9.209809e+06  
508  9.209809e+06  
509  8.322829e+06  
510  8.322829e+06  
511  8.322829e+06  
512  8.322829e+06  
513  8.322829e+06  
514  8.943715e+06  
515  8.943715e+06  
516  8.943715e+06  
517  9.121111e+06  
518  8.012386e+06  
519  8.012386e+06  
520  8.012386e+06  
521  8.012386e+06  
522  8.012386e+06  
523  8.603706e+06  
524  8.603706e+06  
525  8.603706e+06  
526  8.603706e+06  
527  7.761075e+06  
528  7.761075e+06  
529  8.027169e+06  
530  7.849773e+06  
531  7.849773e+06  
532  8.396744e+06  
533  8.396744e+06  
534  8.396744e+06  
535  8.396744e+06  
536  7.583679e+06  
537  7.583679e+06  
538  7.583679e+06  
539  7.583679e+06  
540  7.583679e+06  
541  8.27848e+06   
542  8.012386e+06  
543  8.012386e+06  
544  8.012386e+06  
545  7.24367e+06   
546  7.24367e+06   
547  7.24367e+06   
548  7.24367e+06   
549  7.24367e+06   
550  7.761075e+06  
551  7.761075e+06  
552  7.761075e+06  
553  8.027169e+06  
554  7.110623e+06  
555  7.110623e+06  
556  7.110623e+06  
557  7.110623e+06  
558  7.110623e+06  
559  7.583679e+06  
560  7.583679e+06  
561  7.583679e+06  
562  7.583679e+06  
563  6.844529e+06  
564  6.844529e+06  
565  7.021925e+06  
566  6.755831e+06  
567  6.755831e+06  
568  7.199321e+06  
569  7.199321e+06  
570  7.199321e+06  
571  7.199321e+06  
572  6.50452e+06   
573  6.50452e+06   
574  6.50452e+06   
575  6.50452e+06   
576  6.50452e+06   
577  7.169755e+06  
578  6.992359e+06  
579  6.992359e+06  
580  6.992359e+06  
581  6.327124e+06  
582  6.327124e+06  
583  6.327124e+06  
584  6.327124e+06  
585  6.327124e+06  
586  6.726265e+06  
587  6.726265e+06  
588  6.726265e+06  
589  6.903661e+06  
590  6.016681e+06  
591  6.016681e+06  
592  6.016681e+06  
593  6.016681e+06  
594  6.016681e+06  
595  6.386256e+06  
596  6.386256e+06  
597  6.386256e+06  
598  6.386256e+06  
599  5.76537e+06   
600  5.76537e+06   
601  6.031464e+06  
602  5.854068e+06  
603  5.854068e+06  
604  6.179294e+06  
605  6.179294e+06  
606  6.179294e+06  
607  6.179294e+06  
608  5.587974e+06  
609  5.587974e+06  
610  5.587974e+06  
611  5.587974e+06  
612  5.587974e+06  
613  6.06103e+06   
614  5.794936e+06  
615  5.794936e+06  
616  5.794936e+06  
617  5.247965e+06  
618  5.247965e+06  
619  5.247965e+06  
620  5.247965e+06  
621  5.247965e+06  
622  5.543625e+06  
623  5.543625e+06  
624  5.543625e+06  
625  5.809719e+06  
626  5.114918e+06  
627  5.114918e+06  
628  5.114918e+06  
629  5.114918e+06  
630  5.114918e+06  
631  5.366229e+06  
632  5.366229e+06  
633  5.366229e+06  
634  5.366229e+06  
635  4.848824e+06  
636  4.848824e+06  
637  5.02622e+06   
638  4.760126e+06  
639  4.760126e+06  
640  4.981871e+06  
641  4.981871e+06  
642  4.981871e+06  
643  4.981871e+06  
644  4.508815e+06  
645  4.508815e+06  
646  4.508815e+06  
647  4.508815e+06  
648  4.508815e+06  
649  4.952305e+06  
650  4.774909e+06  
651  4.774909e+06  
652  4.774909e+06  
653  4.331419e+06  
654  4.331419e+06  
655  4.331419e+06  
656  4.331419e+06  
657  4.331419e+06  
658  4.508815e+06  
659  4.508815e+06  
660  4.508815e+06  
661  4.686211e+06  
662  4.020976e+06  
663  4.020976e+06  
664  4.020976e+06  
665  4.020976e+06  
666  4.020976e+06  
667  4.168806e+06  
668  4.168806e+06  
669  4.168806e+06  
670  4.168806e+06  
671  3.769665e+06  
672  3.769665e+06  
673  4.035759e+06  
674  3.858363e+06  
675  3.858363e+06  
676  3.961844e+06  
677  3.961844e+06  
678  3.961844e+06  
679  3.961844e+06  
680  3.592269e+06  
681  3.592269e+06  
682  3.592269e+06  
683  3.592269e+06  
684  3.592269e+06  
685  3.84358e+06   
686  3.577486e+06  
687  3.577486e+06  
688  3.577486e+06  
689  3.25226e+06   
690  3.25226e+06   
691  3.25226e+06   
692  3.25226e+06   
693  3.25226e+06   
694  3.326175e+06  
695  3.326175e+06  
696  3.326175e+06  
697  3.592269e+06  
698  3.119213e+06  
699  3.119213e+06  
700  3.119213e+06  
701  3.119213e+06  
702  3.119213e+06  
703  3.148779e+06  
704  3.148779e+06  
705  3.148779e+06  
706  3.148779e+06  
707  2.853119e+06  
708  2.853119e+06  
709  3.030515e+06  
710  2.764421e+06  
711  2.764421e+06  
712  2.764421e+06  
713  2.764421e+06  
714  2.764421e+06  
715  2.764421e+06  
716  2.51311e+06   
717  2.51311e+06   
718  2.51311e+06   
719  2.51311e+06   
720  2.51311e+06   
721  2.51311e+06   
722  2.335714e+06  
723  2.335714e+06  
724  2.335714e+06  
725  2.113969e+06  
726  2.113969e+06  
727  2.113969e+06  
728  2.113969e+06  
729  2.113969e+06  
730  2.113969e+06  
731  2.113969e+06  
732  2.113969e+06  
733  2.113969e+06  
734  1.670479e+06  
735  1.670479e+06  
736  1.670479e+06  
737  1.670479e+06  
738  1.670479e+06  
739  1.670479e+06  
740  1.670479e+06  
741  1.670479e+06  
742  1.670479e+06  
743  1.493083e+06  
744  1.493083e+06  
745  1.493083e+06  
746  1.315687e+06  
747  1.315687e+06  
748  1.315687e+06  
749  1.315687e+06  
750  1.315687e+06  
751  1.315687e+06  
752  1.167857e+06  
753  1.167857e+06  
754  1.167857e+06  
755  1.167857e+06  
756  1.167857e+06  
757  1.167857e+06  
758  901763        
759  901763        
760  901763        
761  798282        
762  798282        
763  798282        
764  798282        
765  798282        
766  798282        
767  798282        
768  798282        
769  798282        
770  546971        
771  546971        
772  546971        
773  546971        
774  546971        
775  546971        
776  546971        
777  546971        
778  546971        
779  473056        
780  473056        
781  473056        
782  206962        
783  206962        
784  206962        
785  206962        
786  206962        
787  206962        
788  177396        
789  177396        
790  177396        
791  177396        
792  177396        
793  177396        
794  0             
795  0             
796  0             
797  0             
798  0             
799  0             
800  0             
801  0             
802  0             
803  0             
804  0             
805  0             
806  0             
807  0             
808  0             
809  0             
810  0             
811  0             
812  0             
813  0             
814  0             
815  0             
816  0             
817  0             
818  0             
819  0             
820  0             
821  0             
822  0             
823  0             
824  0             
825  0             
826  0             
827  0             
828  0             
829  0             
830  0             
831  0             
832  0             
833  0             
834  0             
835  0             
836  0             
837  0             
838  0             
839  0             
840  0             
841  0             
842  0             
843  0             
844  0             
845  0             
846  0             
847  0             
848  0             
849  0             
850  0             
851  0             
852  0             
853  0             
854  0             
855  0             
856  0             
857  0             
858  0             
859  0             
860  0             
861  0             
862  0             
863  0             
864  0             
865  0             
866  0             
867  0             
868  0             
869  0             
870  0             
871  0             
872  0             
873  0             
874  0             
875  0             
876  0             
877  0             
878  0             
879  0             
880  0             
881  0             
882  0             
883  0             
884  0             
885  0             
886  0             
887  0             
888  0             
889  0             
890  0             
891  0             
892  0             
893  0             
894  0             
895  0             
896  0             
897  0             
898  0             
899  0             
900  0             
901  0             
902  0             
903  0             
904  0             
905  0             
906  0             
907  0             
908  0             
909  0             
910  0             
911  0             
912  0             
913  0             
914  0             
915  0             
916  0             
917  0             
918  0             
919  0             
920  0             
921  0             
922  0             
923  0             
924  0             
925  0             
926  0             
927  0             
928  0             
929  0             
930  0             
931  0             
932  0             
933  0             
934  0             
935  0             
936  0             
937  0             
938  0             
939  0             
940  0             
941  0             
942  0             
943  0             
944  0             
945  0             
946  0             
947  0             
948  0             
949  0             
950  0             
951  0             
952  0             
953  0             
954  0             
955  0             
956  0             
957  0             
958  0             
959  0             
960  0             
961  0             
962  0             
963  0             
964  0             
965  0             
966  0             
967  0             
968  0             
969  0             
970  0             
971  0             
972  0             
973  0             
974  0             
975  0             
976  0             
977  0             
978  0             
979  0             
980  0             
981  0             
982  0             
983  0             
984  0             
985  0             
986  0             
987  0             
988  0             
989  0             
990  0             
991  0             
992  0             
993  0             
994  0             
995  0             
996  0             
997  0             
998  0             
999  0             
1000 0             
1001 0             
1002 0             
1003 0             
1004 0             
1005 0             
1006 0             
1007 0             
1008 0             
1009 0             
1010 0             
1011 0             
1012 0             
1013 0             
1014 0             
1015 0             
1016 0             
1017 0             
1018 0             
1019 0             
1020 0             
1021 0             
1022 0             
1023 0             
1024 0             
1025 0             
1026 0             
1027 0             
1028 0             
1029 0             
1030 0             
1031 0             
1032 0             
1033 0             
1034 0             
1035 0             
1036 0             
1037 0             
1038 0             
1039 0             
1040 0             
1041 0             
1042 0             
1043 0             
1044 0             
1045 0             
1046 0             
1047 0             
1048 0             
1049 0             
1050 0             
1051 0             
1052 0             
1053 0             
1054 0             
1055 0             
1056 0             
1057 0             
1058 0             
1059 0             
1060 0             
1061 0             
1062 0             
1063 0             
1064 0             
1065 0             
1066 0             
1067 0             
1068 0             
1069 0             
1070 0             
1071 0             
1072 0             
1073 0             
1074 0             
1075 0             
1076 0             
1077 0             
1078 0             
1079 0             
1080 0             
1081 0             
1082 0             
1083 0             
1084 0             
1085 0             
1086 0             
1087 0             
1088 0             
1089 0             
1090 0             
1091 0             
1092 0             
1093 0             
1094 0             
1095 0             
1096 0             
1097 0             
1098 0             
1099 0             
1100 0             
1101 0             
1102 0             
1103 0             
1104 0             
1105 0             
1106 0             
1107 0             
1108 0             
1109 0             
1110 0             
1111 0             
1112 0             
1113 0             
1114 0             
1115 0             
1116 0             
1117 0             
1118 0             
1119 0             
1120 0             
1121 0             
1122 0             
1123 0             
1124 0             
1125 0             
1126 0             
1127 0             
1128 0             
1129 0             
1130 0             
1131 0             
1132 0             
1133 0             
1134 0             
1135 0             
1136 0             
1137 0             
1138 0             
1139 0             
1140 0             
1141 0             
1142 0             
1143 0             
1144 0             
1145 0             
1146 0             
1147 0             
1148 0             
1149 0             
1150 0             
1151 0             
1152 0             
1153 0             
1154 0             
1155 0             
1156 0             
1157 0             
1158 0             
1159 0             
1160 0             
1161 0             
1162 0             
1163 0             
1164 0             
1165 0             
1166 0             
1167 0             
1168 0             
1169 0             
1170 0             
1171 0             
1172 0             
1173 0             
1174 0             
1175 0             
1176 0             
1177 0             
1178 0             
1179 0             
1180 0             
1181 0             
1182 0             
1183 0             
1184 0             
1185 0             
1186 0             
1187 0             
1188 0             
1189 0             
1190 0             
1191 0             
1192 0             
1193 0             
1194 0             
1195 0             
1196 0             
1197 0             
1198 0             
1199 0             
1200 0             
1201 0             
1202 0             
1203 0             
1204 0             
1205 0             
1206 0             
1207 0             
1208 0             
1209 0             
1210 0             
1211 0             
1212 0             
1213 0             
1214 0             
1215 0             
1216 0             
1217 0             
1218 0             
1219 0             
1220 0             
1221 0             
1222 0             
1223 0             
1224 0             
1225 0             
1226 0             
1227 0             
1228 0             
1229 0             
1230 0             
1231 0             
1232 0             
1233 0             
1234 0             
1235 0             
1236 0             
1237 0             
1238 0             
1239 0             
1240 0             
1241 0             
1242 0             
1243 0             
1244 0             
1245 0             
1246 0             
1247 0             
1248 0             
1249 0             
1250 0             
1251 0             
1252 0             
1253 0             
1254 0             
1255 0             
1256 0             
1257 0             
1258 0             
1259 0             
1260 0             
1261 0             
1262 0             
1263 0             
1264 0             
1265 0             
1266 0             
1267 0             
1268 0             
1269 0             
1270 0             
1271 0             
1272 0             
1273 0             
1274 0             
1275 0             
1276 0             
1277 0             
1278 0             
1279 0             
1280 0             
1281 0             
1282 0             
1283 0             
1284 0             
1285 0             
1286 0             
1287 0             
1288 0             
1289 0             
1290 0             
1291 0             
1292 0             
1293 0             
1294 0             
1295 0             
1296 0             
1297 0             
1298 0             
1299 0             
1300 0             
1301 0             
1302 0             
1303 0             
1304 0             
1305 0             
1306 0             
1307 0             
1308 0             
1309 0             
1310 0             
1311 0             
1312 0             
1313 0             
1314 0             
1315 0             
1316 0             
1317 0             
1318 0             
1319 0             
1320 0             
1321 0             
1322 0             
1323 0             
1324 0             
1325 0             
1326 0             
1327 0             
1328 0             
1329 0             
1330 0             
1331 0             
1332 0             
1333 0             
1334 0             
1335 0             
1336 0             
1337 0             
1338 0             
1339 0             
1340 0             
1341 0             
1342 0             
1343 0             
1344 0             
1345 0             
1346 0             
1347 0             
1348 0             
1349 0             
1350 0             
1351 0             
1352 0             
1353 0             
1354 0             
1355 0             
1356 0             
1357 0             
1358 0             
1359 0             
1360 0             
1361 0             
1362 0             
1363 0             
1364 0             
1365 0             
1366 0             
1367 0             
1368 0             
1369 0             
1370 0             
1371 0             
1372 0             
1373 0             
1374 0             
1375 0             
1376 0             
1377 0             
1378 0             
1379 0             
1380 0             
1381 0             
1382 0             
1383 0             
1384 0             
1385 0             
1386 0             
1387 0             
1388 0             
1389 0             
1390 0             
1391 0             
1392 0             
1393 0             
1394 0             
1395 0             
1396 0             
1397 0             
1398 0             
1399 0             
1400 0             
1401 0             
1402 0             
1403 0             
1404 0             
1405 0             
1406 0             
1407 0             
1408 0             
1409 0             
1410 0             
1411 0             
1412 0             
1413 0             
1414 0             
1415 0             
1416 0             
1417 0             
1418 0             
1419 0             
1420 0             
1421 0             
1422 0             
1423 0             
1424 0             
1425 0             
1426 0             
1427 0             
1428 0             
1429 0             
1430 0             
1431 0             
1432 0             
1433 0             
1434 0             
1435 0             
1436 0             
1437 0             
1438 0             
1439 0             
1440 0             
1441 0             
1442 0             
1443 0             
1444 0             
1445 0             
1446 0             
1447 0             
1448 0             
1449 0             
1450 0             
1451 0             
1452 0             
1453 0             
1454 0             
1455 0             
1456 0             
1457 0             
1458 0             
1459 0             
1460 0             
1461 0             
1462 0             
1463 0             
1464 0             
1465 0             
1466 0             
1467 0             
1468 0             
1469 0             
1470 0             
1471 0             
1472 0             
1473 0             
1474 0             
1475 0             
1476 0             
1477 0             
1478 0             
1479 0             
1480 0             
1481 0             
1482 0             
1483 0             
1484 0             
1485 0             
1486 0             
1487 0             
1488 0             
1489 0             
1490 0             
1491 0             
1492 0             
1493 0             
1494 0             
1495 0             
1496 0             
1497 0             
1498 0             
1499 0             
1500 0             
1501 0             
1502 0             
1503 0             
1504 0             
1505 0             
1506 0             
1507 0             
1508 0             
1509 0             
1510 0             
1511 0             
1512 0             
1513 0             
1514 0             
1515 0             
1516 0             
1517 0             
1518 0             
1519 0             
1520 0             
1521 0             
1522 0             
1523 0             
1524 0             
1525 0             
1526 0             
1527 0             
1528 0             
1529 0             
1530 0             
1531 0             
1532 0             
1533 0             
1534 0             
1535 0             
1536 0             
1537 0             
1538 0             
1539 0             
1540 0             
1541 0             
1542 0             
1543 0             
1544 0             
1545 0             
1546 0             
1547 0             
1548 0             
1549 0             
1550 0             
1551 0             
1552 0             
1553 0             
1554 0             
1555 0             
1556 0             
1557 0             
1558 0             
1559 0             
1560 0             
1561 0             
1562 0             
1563 0             
1564 0             
1565 0             
1566 0             
1567 0             
1568 0             
1569 0             
1570 0             
1571 0             
1572 0             
1573 0             
1574 0             
1575 0             
1576 0             
1577 0             
1578 0             
1579 0             
1580 0             
1581 0             
1582 0             
1583 0             
1584 0             
1585 0             
1586 0             
1587 0             
1588 0             
1589 0             
1590 0             
1591 0             
1592 0             
1593 0             
1594 0             
1595 0             
1596 0             
1597 0             
1598 0             
1599 0             
1600 0             
1601 0             
1602 0             
1603 0             
1604 0             
1605 0             
1606 0             
1607 0             
1608 0             
1609 0             
1610 0             
1611 0             
1612 0             
1613 0             
1614 0             
1615 0             
1616 0             
1617 0             
1618 0             
1619 0             
1620 0             
1621 0             
1622 0             
1623 0             
1624 0             
1625 0             
1626 0             
1627 0             
1628 0             
1629 0             
1630 0             
1631 0             
1632 0             
1633 0             
1634 0             
1635 0             
1636 0             
1637 0             
1638 0             
1639 0             
1640 0             
1641 0             
1642 0             
1643 0             
1644 0             
1645 0             
1646 0             
1647 0             
1648 0             
1649 0             
1650 0             
1651 0             
1652 0             
1653 0             
1654 0             
1655 0             
1656 0             
1657 0             
1658 0             
1659 0             
1660 0             
1661 0             
1662 0             
1663 0             
1664 0             
1665 0             
1666 0             
1667 0             
1668 0             
1669 0             
1670 0             
1671 0             
1672 0             
1673 0             
1674 0             
1675 0             
1676 0             
1677 0             
1678 0             
1679 0             
1680 0             
1681 0             
1682 0             
1683 0             
1684 0             
1685 0             
1686 0             
1687 0             
1688 0             
1689 0             
1690 0             
1691 0             
1692 0             
1693 0             
1694 0             
1695 0             
1696 0             
1697 0             
1698 0             
1699 0             
1700 0             
1701 0             
1702 0             
1703 0             
1704 0             
1705 0             
1706 0             
1707 0             
1708 0             
1709 0             
1710 0             
1711 0             
1712 0             
1713 0             
1714 0             
1715 0             
1716 0             
1717 0             
1718 0             
1719 0             
1720 0             
1721 0             
1722 0             
1723 0             
1724 0             
1725 0             
1726 0             
1727 0             
1728 0             
1729 0             
1730 0             
1731 0             
1732 0             
1733 0             
1734 0             
1735 0             
1736 0             
1737 0             
1738 0             
1739 0             
1740 0             
1741 0             
1742 0             
1743 0             
1744 0             
1745 0             
1746 0             
1747 0             
1748 0             
1749 0             
1750 0             
1751 0             
1752 0             
1753 0             
1754 0             
1755 0             
1756 0             
1757 0             
1758 0             
1759 0             
1760 0             
1761 0             
1762 0             
1763 0             
1764 0             
1765 0             
1766 0             
1767 0             
1768 0             
1769 0             
1770 0             
1771 0             
1772 0             
1773 0             
1774 0             
1775 0             
1776 0             
1777 0             
1778 0             
1779 0             
1780 0             
1781 0             
1782 0             
1783 0             
1784 0             
1785 0             
1786 0             
1787 0             
1788 0             
1789 0             
1790 0             
1791 0             
1792 0             
1793 0             
1794 0             
1795 0             
1796 0             
1797 0             
1798 0             
1799 0             
1800 0             
1801 0             
1802 0             
1803 0             
1804 0             
1805 0             
1806 0             
1807 0             
1808 0             
1809 0             
1810 0             
1811 0             
1812 0             
1813 0             
1814 0             
1815 0             
1816 0             
1817 0             
1818 0             
1819 0             
1820 0             
1821 0             
1822 0             
1823 0             
1824 0             
1825 0             
1826 0             
1827 0             
1828 0             
1829 0             
1830 0             
1831 0             
1832 0             
1833 0             
1834 0             
1835 0             
1836 0             
1837 0             
1838 0             
1839 0             
1840 0             
1841 0             
1842 0             
1843 0             
1844 0             
1845 0             
1846 0             
1847 0             
1848 0             
1849 0             
1850 0             
1851 0             
1852 0             
1853 0             
1854 0             
1855 0             
1856 0             
1857 0             
1858 0             
1859 0             
1860 0             
1861 0             
1862 0             
1863 0             
1864 0             
1865 0             
1866 0             
1867 0             
1868 0             
1869 0             
1870 0             
1871 0             
1872 0             
1873 0             
1874 0             
1875 0             
1876 0             
1877 0             
1878 0             
1879 0             
1880 0             
1881 0             
1882 0             
1883 0             
1884 0             
1885 0             
1886 0             
1887 0             
1888 0             
1889 0             
1890 0             
1891 0             
1892 0             
1893 0             
1894 0             
1895 0             
1896 0             
1897 0             
1898 0             
1899 0             
1900 0             
1901 0             
1902 0             
1903 0             
1904 0             
1905 0             
1906 0             
1907 0             
1908 0             
1909 0             
1910 0             
1911 0             
1912 0             
1913 0             
1914 0             
1915 0             
1916 0             
1917 0             
1918 0             
1919 0             
1920 0             
1921 0             
1922 0             
1923 0             
1924 0             
1925 0             
1926 0             
1927 0             
1928 0             
1929 0             
1930 0             
1931 0             
1932 0             
1933 0             
1934 0             
1935 0             
1936 0             
1937 0             
1938 0             
1939 0             
1940 0             
1941 0             
1942 0             
1943 0             
1944 0             
1945 0             
1946 0             
1947 0             
1948 0             
1949 0             
1950 0             
1951 0             
1952 0             
1953 0             
1954 0             
1955 0             
1956 0             
1957 0             
1958 0             
1959 0             
1960 0             
1961 0             
1962 0             
1963 0             
1964 0             
1965 0             
1966 0             
1967 0             
1968 0             
1969 0             
1970 0             
1971 0             
1972 0             
1973 0             
1974 0             
1975 0             
1976 0             
1977 0             
1978 0             
1979 0             
1980 0             
1981 0             
1982 0             
1983 0             
1984 0             
1985 0             
1986 0             
1987 0             
1988 0             
1989 0             
1990 0             
1991 0             
1992 0             
1993 0             
1994 0             
1995 0             
1996 0             
1997 0             
1998 0             
1999 0             
2000 0             
2001 0             
2002 0             
2003 0             
2004 0             
2005 0             
2006 0             
2007 0             
2008 0             
2009 0             
2010 0             
2011 0             
2012 0             
2013 0             
2014 0             
2015 0             
2016 0             
2017 0             
2018 0             
2019 0             
2020 0             
2021 0             
2022 0             
2023 0             
2024 0             
2025 0             
2026 0             
2027 0             
2028 0             
2029 0             
2030 0             
2031 0             
2032 0             
2033 0             
2034 0             
2035 0             
2036 0             
2037 0             
2038 0             
2039 0             
2040 0             
2041 0             
2042 0             
2043 0             
2044 0             
2045 0             
2046 0             
2047 0             
2048 0             
2049 0             
2050 0             
2051 0             
2052 0             
2053 0             
2054 0             
2055 0             
2056 0             
2057 0             
2058 0             
2059 0             
2060 0             
2061 0             
2062 0             
2063 0             
2064 0             
2065 0             
2066 0             
2067 0             
2068 0             
2069 0             
2070 0             
2071 0             
2072 0             
2073 0             
2074 0             
2075 0             
2076 0             
2077 0             
2078 0             
2079 0             
2080 0             
2081 0             
2082 0             
2083 0             
2084 0             
2085 0             
2086 0             
2087 0             
2088 0             
2089 0             
2090 0             
2091 0             
2092 0             
2093 0             
2094 0             
2095 0             
2096 0             
2097 0             
2098 0             
2099 0             
2100 0             
2101 0             
2102 0             
2103 0             
2104 0             
2105 0             
2106 0             
2107 0             
2108 0             
2109 0             
2110 0             
2111 0             
2112 0             
2113 0             
2114 0             
2115 0             
2116 0             
2117 0             
2118 0             
2119 0             
2120 0             
2121 0             
2122 0             
2123 0             
2124 0             
2125 0             
2126 0             
2127 0             
2128 0             
2129 0             
2130 0             
2131 0             
2132 0             
2133 0             
2134 0             
2135 0             
2136 0             
2137 0             
2138 0             
2139 0             
2140 0             
2141 0             
2142 0             
2143 0             
2144 0             
2145 0             
2146 0             
2147 0             
2148 0             
2149 0             
2150 0             
2151 0             
2152 0             
2153 0             
2154 0             
2155 0             
2156 0             
2157 0             
2158 0             
2159 0             
2160 0             
2161 0             
2162 0             
2163 0             
2164 0             
2165 0             
2166 0             
2167 0             
2168 0             
2169 0             
2170 0             
2171 0             
2172 0             
2173 0             
2174 0             
2175 0             
2176 0             
2177 0             
2178 0             
2179 0             
2180 0             
2181 0             
2182 0             
2183 0             
2184 0             
2185 0             
2186 0             
2187 0             
2188 0             
2189 0             
2190 0             
2191 0             
2192 0             
2193 0             
2194 0             
2195 0             
2196 0             
2197 0             
2198 0             
2199 0             
2200 0             
2201 0             
2202 0             
2203 0             
2204 0             
2205 0             
2206 0             
2207 0             
2208 0             
2209 0             
2210 0             
2211 0             
2212 0             
2213 0             
2214 0             
2215 0             
2216 0             
2217 0             
2218 0             
2219 0             
2220 0             
2221 0             
2222 0             
2223 0             
2224 0             
2225 0             
2226 0             
2227 0             
2228 0             
2229 0             
2230 0             
2231 0             
2232 0             
2233 0             
2234 0             
2235 0             
2236 0             
2237 0             
2238 0             
2239 0             
2240 0             
2241 0             
2242 0             
2243 0             
2244 0             
2245 0             
2246 0             
2247 0             
2248 0             
2249 0             
2250 0             
2251 0             
2252 0             
2253 0             
2254 0             
2255 0             
2256 0             
2257 0             
2258 0             
2259 0             
2260 0             
2261 0             
2262 0             
2263 0             
2264 0             
2265 0             
2266 0             
2267 0             
2268 0             
2269 0             
2270 0             
2271 0             
2272 0             
2273 0             
2274 0             
2275 0             
2276 0             
2277 0             
2278 0             
2279 0             
2280 0             
2281 0             
2282 0             
2283 0             
2284 0             
2285 0             
2286 0             
2287 0             
2288 0             
2289 0             
2290 0             
2291 0             
2292 0             
2293 0             
2294 0             
2295 0             
2296 0             
2297 0             
2298 0             
2299 0             
2300 0             
2301 0             
2302 0             
2303 0             
2304 0             
2305 0             
2306 0             
2307 0             
2308 0             
2309 0             
2310 0             
2311 0             
2312 0             
2313 0             
2314 0             
2315 0             
2316 0             
2317 0             
2318 0             
2319 0             
2320 0             
2321 0             
2322 0             
2323 0             
2324 0             
2325 0             
2326 0             
2327 0             
2328 0             
2329 0             
2330 0             
2331 0             
2332 0             
2333 0             
2334 0             
2335 0             
2336 0             
2337 0             
2338 0             
2339 0             
2340 0             
2341 0             
2342 0             
2343 0             
2344 0             
2345 0             
2346 0             
2347 0             
2348 0             
2349 0             
2350 0             
2351 0             
2352 0             
2353 0             
2354 0             
2355 0             
2356 0             
2357 0             
2358 0             
2359 0             
2360 0             
2361 0             
2362 0             
2363 0             
2364 0             
2365 0             
2366 0             
2367 0             
2368 0             
2369 0             
2370 0             
2371 0             
2372 0             
2373 0             
2374 0             
2375 0             
2376 0             
2377 0             
2378 0             
2379 0             
2380 0             
2381 0             
2382 0             
2383 0             
2384 0             
2385 0             
2386 0             
2387 0             
2388 0             
2389 0             
2390 0             
2391 0             
2392 0             
2393 0             
2394 0             
2395 0             
2396 0             
2397 0             
2398 0             
2399 0             
