Time Quantity               
0    0                      
1    0                      
2    0                      
3    0                      
4    0                      
5    0                      
6    0                      
7    0                      
8    0                      
9    0                      
10   0                      
11   0                      
12   0                      
13   0                      
14   0                      
15   0                      
16   0                      
17   0                      
18   0                      
19   2.9565e+06             
20   2.9565e+06             
21   2.9565e+06             
22   2.9565e+06             
23   2.9565e+06             
24   2.9565e+06             
25   2.9565e+06             
26   2.9565e+06             
27   2.9565e+06             
28   2.9565e+06             
29   2.9565e+06             
30   2.9565e+06             
31   2.9565e+06             
32   2.9565e+06             
33   2.9565e+06             
34   2.9565e+06             
35   2.9565e+06             
36   2.9565e+06             
37   5.913e+06              
38   5.913e+06              
39   5.913e+06              
40   5.913e+06              
41   5.913e+06              
42   5.913e+06              
43   5.913e+06              
44   5.913e+06              
45   5.913e+06              
46   5.913e+06              
47   5.913e+06              
48   5.913e+06              
49   5.913e+06              
50   5.913e+06              
51   5.913e+06              
52   5.913e+06              
53   5.913e+06              
54   5.913e+06              
55   8.8695e+06             
56   8.8695e+06             
57   8.8695e+06             
58   8.8695e+06             
59   8.8695e+06             
60   8.8695e+06             
61   8.8695e+06             
62   8.8695e+06             
63   8.8695e+06             
64   8.8695e+06             
65   8.8695e+06             
66   8.8695e+06             
67   8.8695e+06             
68   8.8695e+06             
69   8.8695e+06             
70   8.8695e+06             
71   8.8695e+06             
72   8.8695e+06             
73   1.1826e+07             
74   1.1826e+07             
75   1.1826e+07             
76   1.1826e+07             
77   1.1826e+07             
78   1.1826e+07             
79   1.1826e+07             
80   1.1826e+07             
81   1.1826e+07             
82   1.1826e+07             
83   1.1826e+07             
84   1.1826e+07             
85   1.1826e+07             
86   1.1826e+07             
87   1.1826e+07             
88   1.1826e+07             
89   1.1826e+07             
90   1.1826e+07             
91   1.4812065e+07          
92   1.4812065e+07          
93   1.4812065e+07          
94   1.4812065e+07          
95   1.4812065e+07          
96   1.4812065e+07          
97   1.4812065e+07          
98   1.4812065e+07          
99   1.4812065e+07          
100  1.4812065e+07          
101  1.4812065e+07          
102  1.4812065e+07          
103  1.484163e+07           
104  1.484163e+07           
105  1.484163e+07           
106  1.484163e+07           
107  1.484163e+07           
108  1.484163e+07           
109  1.7827695e+07          
110  1.7827695e+07          
111  1.7827695e+07          
112  1.7827695e+07          
113  1.7827695e+07          
114  1.7827695e+07          
115  1.785726e+07           
116  1.785726e+07           
117  1.785726e+07           
118  1.785726e+07           
119  1.785726e+07           
120  1.785726e+07           
121  1.7886825e+07          
122  1.7886825e+07          
123  1.7886825e+07          
124  1.7886825e+07          
125  1.7886825e+07          
126  1.7886825e+07          
127  2.0902455e+07          
128  2.0902455e+07          
129  2.0902455e+07          
130  2.0902455e+07          
131  2.0902455e+07          
132  2.0902455e+07          
133  2.093202e+07           
134  2.093202e+07           
135  2.093202e+07           
136  2.093202e+07           
137  2.093202e+07           
138  2.093202e+07           
139  2.099115e+07           
140  2.099115e+07           
141  2.099115e+07           
142  2.099115e+07           
143  2.099115e+07           
144  2.099115e+07           
145  2.400678e+07           
146  2.400678e+07           
147  2.400678e+07           
148  2.400678e+07           
149  2.400678e+07           
150  2.400678e+07           
151  2.406591e+07           
152  2.406591e+07           
153  2.406591e+07           
154  2.406591e+07           
155  2.406591e+07           
156  2.406591e+07           
157  2.412504e+07           
158  2.412504e+07           
159  2.412504e+07           
160  2.412504e+07           
161  2.412504e+07           
162  2.412504e+07           
163  2.7170235e+07          
164  2.7170235e+07          
165  2.7170235e+07          
166  2.7170235e+07          
167  2.7170235e+07          
168  2.7170235e+07          
169  2.7229365e+07          
170  2.7229365e+07          
171  2.7229365e+07          
172  2.7229365e+07          
173  2.7229365e+07          
174  2.7229365e+07          
175  2.731806e+07           
176  2.731806e+07           
177  2.731806e+07           
178  2.731806e+07           
179  2.731806e+07           
180  2.7102986e+07          
181  2.99815143334e+07      
182  2.98148476668e+07      
183  2.96481810002e+07      
184  2.94815143336e+07      
185  2.9314847667e+07       
186  2.91481810004e+07      
187  2.90702093338e+07      
188  2.89035426672e+07      
189  2.87368760006e+07      
190  2.8570209334e+07       
191  2.84035426674e+07      
192  2.82368760008e+07      
193  2.81589043342e+07      
194  2.79922376676e+07      
195  2.7825571001e+07       
196  2.76589043344e+07      
197  2.7492237667799998e+07 
198  2.7325571001199998e+07 
199  3.0233664334599998e+07 
200  3.0066997667999998e+07 
201  2.9900331001399998e+07 
202  2.9733664334799998e+07 
203  2.9566997668199997e+07 
204  2.9400331001599997e+07 
205  2.9322359334999997e+07 
206  2.9155692668399997e+07 
207  2.8989026001799997e+07 
208  2.8822359335199997e+07 
209  2.8655692668599997e+07 
210  2.8489026001999997e+07 
211  2.8470184335399996e+07 
212  2.8303517668799996e+07 
213  2.8136851002199996e+07 
214  2.7970184335599996e+07 
215  2.7803517668999996e+07 
216  2.7636851002399996e+07 
217  3.0544944335799996e+07 
218  3.0378277669199996e+07 
219  3.0211611002599996e+07 
220  3.0044944335999995e+07 
221  2.9878277669399995e+07 
222  2.9711611002799995e+07 
223  2.9663204336199995e+07 
224  2.9496537669599995e+07 
225  2.9329871002999995e+07 
226  2.9163204336399995e+07 
227  2.8996537669799995e+07 
228  2.8829871003199995e+07 
229  2.8811029336599994e+07 
230  2.8644362669999994e+07 
231  2.8477696003399994e+07 
232  2.8311029336799994e+07 
233  2.8144362670199994e+07 
234  2.7977696003599994e+07 
235  3.0915354336999994e+07 
236  3.0748687670399994e+07 
237  3.0582021003799994e+07 
238  3.0415354337199993e+07 
239  3.0248687670599993e+07 
240  3.0082021003999993e+07 
241  3.0299699337399993e+07 
242  3.0133032670799993e+07 
243  2.9966366004199993e+07 
244  2.9799699337599993e+07 
245  2.9633032670999993e+07 
246  2.9466366004399993e+07 
247  2.9477089337799992e+07 
248  2.9310422671199992e+07 
249  2.9143756004599992e+07 
250  2.8977089337999992e+07 
251  2.8810422671399992e+07 
252  2.864375600479999e+07  
253  3.161097933819999e+07  
254  3.144431267159999e+07  
255  3.127764600499999e+07  
256  3.111097933839999e+07  
257  3.094431267179999e+07  
258  3.077764600519999e+07  
259  3.084749933859999e+07  
260  3.068083267199999e+07  
261  3.051416600539999e+07  
262  3.034749933879999e+07  
263  3.018083267219999e+07  
264  3.001416600559999e+07  
265  3.029097433899999e+07  
266  3.012430767239999e+07  
267  2.995764100579999e+07  
268  2.979097433919999e+07  
269  2.962430767259999e+07  
270  2.945764100599999e+07  
271  3.224747433939999e+07  
272  3.208080767279999e+07  
273  3.191414100619999e+07  
274  3.174747433959999e+07  
275  3.158080767299999e+07  
276  3.141414100639999e+07  
277  3.166138433979999e+07  
278  3.149471767319999e+07  
279  3.132805100659999e+07  
280  3.116138433999999e+07  
281  3.099471767339999e+07  
282  3.082805100679999e+07  
283  3.095703434019999e+07  
284  3.079036767359999e+07  
285  3.0623701006999988e+07 
286  3.0457034340399988e+07 
287  3.0290367673799988e+07 
288  3.0123701007199988e+07 
289  3.3031794340599988e+07 
290  3.2865127673999988e+07 
291  3.2698461007399987e+07 
292  3.2531794340799987e+07 
293  3.2365127674199987e+07 
294  3.2198461007599987e+07 
295  3.2386574340999987e+07 
296  3.2219907674399987e+07 
297  3.2053241007799987e+07 
298  3.1886574341199987e+07 
299  3.1719907674599987e+07 
300  3.1445704007999986e+07 
301  3.1668744008099988e+07 
302  3.141874400819999e+07  
303  3.116874400829999e+07  
304  3.0918744008399993e+07 
305  3.0668744008499995e+07 
306  3.0418744008599997e+07 
307  3.30365490087e+07      
308  3.27865490088e+07      
309  3.25365490089e+07      
310  3.2286549009000003e+07 
311  3.2036549009100005e+07 
312  3.1786549009200007e+07 
313  3.215741400930001e+07  
314  3.190741400940001e+07  
315  3.165741400950001e+07  
316  3.1407414009600013e+07 
317  3.1157414009700015e+07 
318  3.0907414009800017e+07 
319  3.104175900990002e+07  
320  3.079175901000002e+07  
321  3.0541759010100022e+07 
322  3.0291759010200024e+07 
323  3.0041759010300025e+07 
324  2.9791759010400027e+07 
325  3.243912901050003e+07  
326  3.218912901060003e+07  
327  3.1939129010700032e+07 
328  3.1689129010800034e+07 
329  3.1439129010900036e+07 
330  3.1189129011000037e+07 
331  3.141216901110004e+07  
332  3.116216901120004e+07  
333  3.0912169011300042e+07 
334  3.0662169011400044e+07 
335  3.0412169011500046e+07 
336  3.0162169011600047e+07 
337  3.056259901170005e+07  
338  3.031259901180005e+07  
339  3.0062599011900052e+07 
340  2.9812599012000054e+07 
341  2.9562599012100056e+07 
342  2.9312599012200058e+07 
343  3.178257901230006e+07  
344  3.153257901240006e+07  
345  3.1282579012500063e+07 
346  3.1032579012600064e+07 
347  3.0782579012700066e+07 
348  3.0532579012800068e+07 
349  3.093300901290007e+07  
350  3.068300901300007e+07  
351  3.0433009013100073e+07 
352  3.0183009013200074e+07 
353  2.9933009013300076e+07 
354  2.9683009013400078e+07 
355  2.996517901350008e+07  
356  2.971517901360008e+07  
357  2.946517901370008e+07  
358  2.9215179013800073e+07 
359  2.8965179013900075e+07 
360  2.8715179014000077e+07 
361  3.130341901410008e+07  
362  3.105341901420008e+07  
363  3.0803419014300082e+07 
364  3.0553419014400084e+07 
365  3.0303419014500085e+07 
366  3.0053419014600083e+07 
367  3.0365154014700085e+07 
368  3.0115154014800087e+07 
369  2.986515401490008e+07  
370  2.9615154015000083e+07 
371  2.936515401510008e+07  
372  2.911515401520007e+07  
373  2.9574714015300065e+07 
374  2.9324714015400067e+07 
375  2.907471401550007e+07  
376  2.882471401560007e+07  
377  2.8574714015700072e+07 
378  2.8324714015800074e+07 
379  3.0705999015900075e+07 
380  3.0455999016000077e+07 
381  3.020599901610008e+07  
382  2.9955999016200077e+07 
383  2.970599901630008e+07  
384  2.945599901640008e+07  
385  3.0033819016500074e+07 
386  2.9783819016600076e+07 
387  2.9533819016700067e+07 
388  2.928381901680007e+07  
389  2.9033819016900063e+07 
390  2.878381901700006e+07  
391  2.9184249017100062e+07 
392  2.8934249017200064e+07 
393  2.8684249017300066e+07 
394  2.8434249017400067e+07 
395  2.818424901750007e+07  
396  2.793424901760007e+07  
397  3.034509901770007e+07  
398  3.0095099017800074e+07 
399  2.9845099017900076e+07 
400  2.9595099018000066e+07 
401  2.9345099018100064e+07 
402  2.9095099018200062e+07 
403  2.9525094018300056e+07 
404  2.927509401840006e+07  
405  2.9025094018500052e+07 
406  2.8775094018600054e+07 
407  2.8525094018700056e+07 
408  2.8275094018800057e+07 
409  2.894160901890006e+07  
410  2.869160901900006e+07  
411  2.8441609019100063e+07 
412  2.8191609019200064e+07 
413  2.7941609019300066e+07 
414  2.7691609019400064e+07 
415  2.9925069019500066e+07 
416  2.967506901960006e+07  
417  2.942506901970006e+07  
418  2.917506901980006e+07  
419  2.892506901990005e+07  
420  2.867506902000005e+07  
421  2.9282454020100053e+07 
422  2.9032454020200048e+07 
423  2.878245402030005e+07  
424  2.853245402040005e+07  
425  2.8282454020500053e+07 
426  2.803245402060005e+07  
427  2.8551144020700052e+07 
428  2.8301144020800054e+07 
429  2.8051144020900056e+07 
430  2.7801144021000054e+07 
431  2.7551144021100055e+07 
432  2.730114402120005e+07  
433  2.9652864021300048e+07 
434  2.940286402140005e+07  
435  2.9152864021500044e+07 
436  2.890286402160004e+07  
437  2.8652864021700043e+07 
438  2.8402864021800034e+07 
439  2.8951119021900035e+07 
440  2.8701119022000037e+07 
441  2.845111902210004e+07  
442  2.820111902220004e+07  
443  2.795111902230004e+07  
444  2.770111902240004e+07  
445  2.8397199022500046e+07 
446  2.814719902260004e+07  
447  2.789719902270004e+07  
448  2.7647199022800043e+07 
449  2.7397199022900037e+07 
450  2.7147199023000035e+07 
451  2.9291964023100037e+07 
452  2.904196402320003e+07  
453  2.8791964023300033e+07 
454  2.8541964023400035e+07 
455  2.829196402350003e+07  
456  2.8041964023600027e+07 
457  2.885630402370003e+07  
458  2.860630402380003e+07  
459  2.8356304023900032e+07 
460  2.8106304024000034e+07 
461  2.7856304024100035e+07 
462  2.7606304024200037e+07 
463  2.8213689024300035e+07 
464  2.796368902440004e+07  
465  2.7713689024500035e+07 
466  2.7463689024600036e+07 
467  2.721368902470004e+07  
468  2.696368902480004e+07  
469  2.9138019024900034e+07 
470  2.8888019025000036e+07 
471  2.8638019025100037e+07 
472  2.838801902520003e+07  
473  2.8138019025300033e+07 
474  2.7888019025400035e+07 
475  2.8584099025500037e+07 
476  2.8334099025600035e+07 
477  2.8084099025700036e+07 
478  2.7834099025800038e+07 
479  2.758409902590004e+07  
480  2.733409902600004e+07  
481  2.8207569026100047e+07 
482  2.7957569026200045e+07 
483  2.770756902630004e+07  
484  2.745756902640004e+07  
485  2.7207569026500043e+07 
486  2.6957569026600037e+07 
487  2.895450902670004e+07  
488  2.870450902680004e+07  
489  2.845450902690004e+07  
490  2.820450902700004e+07  
491  2.795450902710004e+07  
492  2.7704509027200043e+07 
493  2.857797902730004e+07  
494  2.8327979027400043e+07 
495  2.8077979027500045e+07 
496  2.7827979027600043e+07 
497  2.7577979027700044e+07 
498  2.7327979027800046e+07 
499  2.8053624027900036e+07 
500  2.7803624028000034e+07 
501  2.7553624028100036e+07 
502  2.7303624028200034e+07 
503  2.7053624028300036e+07 
504  2.6803624028400034e+07 
505  2.8918824028500035e+07 
506  2.8668824028600037e+07 
507  2.8418824028700028e+07 
508  2.816882402880003e+07  
509  2.791882402890003e+07  
510  2.7668824029000036e+07 
511  2.8453599029100038e+07 
512  2.820359902920004e+07  
513  2.7953599029300034e+07 
514  2.7703599029400036e+07 
515  2.7453599029500037e+07 
516  2.7203599029600035e+07 
517  2.810663402970003e+07  
518  2.7856634029800028e+07 
519  2.7606634029900033e+07 
520  2.735663403000003e+07  
521  2.7106634030100033e+07 
522  2.6856634030200034e+07 
523  2.8794444030300036e+07 
524  2.8544444030400038e+07 
525  2.8294444030500036e+07 
526  2.8044444030600034e+07 
527  2.7794444030700035e+07 
528  2.7544444030800037e+07 
529  2.8595304030900035e+07 
530  2.8345304031000037e+07 
531  2.809530403110004e+07  
532  2.784530403120004e+07  
533  2.759530403130004e+07  
534  2.7345304031400032e+07 
535  2.8159644031500038e+07 
536  2.790964403160004e+07  
537  2.765964403170004e+07  
538  2.7409644031800035e+07 
539  2.715964403190004e+07  
540  2.6909644032000042e+07 
541  2.887701903210004e+07  
542  2.862701903220004e+07  
543  2.837701903230004e+07  
544  2.812701903240004e+07  
545  2.7877019032500044e+07 
546  2.7627019032600045e+07 
547  2.8559619032700047e+07 
548  2.8309619032800045e+07 
549  2.8059619032900043e+07 
550  2.7809619033000045e+07 
551  2.755961903310004e+07  
552  2.7309619033200037e+07 
553  2.839004403330004e+07  
554  2.814004403340004e+07  
555  2.7890044033500038e+07 
556  2.7640044033600036e+07 
557  2.7390044033700038e+07 
558  2.714004403380004e+07  
559  2.8900464033900045e+07 
560  2.8650464034000035e+07 
561  2.8400464034100037e+07 
562  2.815046403420004e+07  
563  2.790046403430004e+07  
564  2.765046403440004e+07  
565  2.8760454034500036e+07 
566  2.8510454034600038e+07 
567  2.826045403470004e+07  
568  2.801045403480004e+07  
569  2.7760454034900036e+07 
570  2.751045403500004e+07  
571  2.8472619035100043e+07 
572  2.822261903520004e+07  
573  2.7972619035300042e+07 
574  2.7722619035400037e+07 
575  2.747261903550004e+07  
576  2.722261903560004e+07  
577  2.910129903570004e+07  
578  2.8851299035800036e+07 
579  2.8601299035900034e+07 
580  2.8351299036000036e+07 
581  2.8101299036100037e+07 
582  2.785129903620004e+07  
583  2.8872594036300037e+07 
584  2.862259403640004e+07  
585  2.837259403650004e+07  
586  2.8122594036600042e+07 
587  2.7872594036700036e+07 
588  2.7622594036800038e+07 
589  2.876214903690004e+07  
590  2.8512149037000038e+07 
591  2.826214903710004e+07  
592  2.801214903720004e+07  
593  2.7762149037300043e+07 
594  2.7512149037400045e+07 
595  2.9183874037500042e+07 
596  2.893387403760004e+07  
597  2.8683874037700035e+07 
598  2.8433874037800033e+07 
599  2.8183874037900034e+07 
600  2.7933874038000036e+07 
601  2.9221254038100038e+07 
602  2.897125403820004e+07  
603  2.872125403830004e+07  
604  2.8471254038400043e+07 
605  2.8221254038500037e+07 
606  2.7971254038600035e+07 
607  2.9051679038700037e+07 
608  2.880167903880004e+07  
609  2.8551679038900044e+07 
610  2.8301679039000046e+07 
611  2.8051679039100036e+07 
612  2.7801679039200038e+07 
613  2.9502969039300043e+07 
614  2.9252969039400037e+07 
615  2.900296903950004e+07  
616  2.875296903960003e+07  
617  2.850296903970003e+07  
618  2.8252969039800033e+07 
619  2.9362959039900035e+07 
620  2.9112959040000036e+07 
621  2.8862959040100038e+07 
622  2.861295904020004e+07  
623  2.836295904030004e+07  
624  2.8112959040400036e+07 
625  2.9459469040500037e+07 
626  2.920946904060004e+07  
627  2.895946904070004e+07  
628  2.8709469040800042e+07 
629  2.845946904090004e+07  
630  2.8209469041000042e+07 
631  2.976293404110004e+07  
632  2.951293404120004e+07  
633  2.9262934041300043e+07 
634  2.901293404140004e+07  
635  2.8762934041500036e+07 
636  2.8512934041600037e+07 
637  2.980031404170004e+07  
638  2.955031404180004e+07  
639  2.9300314041900042e+07 
640  2.9050314042000048e+07 
641  2.880031404210005e+07  
642  2.8550314042200048e+07 
643  2.9748999042300045e+07 
644  2.9498999042400047e+07 
645  2.924899904250005e+07  
646  2.899899904260005e+07  
647  2.8748999042700056e+07 
648  2.8498999042800054e+07 
649  3.017072404290005e+07  
650  2.992072404300005e+07  
651  2.967072404310005e+07  
652  2.9420724043200053e+07 
653  2.917072404330005e+07  
654  2.892072404340004e+07  
655  3.0119409043500043e+07 
656  2.986940904360004e+07  
657  2.9619409043700043e+07 
658  2.9369409043800045e+07 
659  2.9119409043900046e+07 
660  2.886940904400005e+07  
661  3.024548404410005e+07  
662  2.9995484044200048e+07 
663  2.974548404430005e+07  
664  2.949548404440005e+07  
665  2.9245484044500053e+07 
666  2.899548404460005e+07  
667  3.0460254044700045e+07 
668  3.0210254044800043e+07 
669  2.9960254044900045e+07 
670  2.9710254045000046e+07 
671  2.946025404510005e+07  
672  2.9210254045200046e+07 
673  3.0675024045300044e+07 
674  3.042502404540004e+07  
675  3.017502404550004e+07  
676  2.992502404560004e+07  
677  2.9675024045700043e+07 
678  2.9425024045800045e+07 
679  3.074196904590005e+07  
680  3.049196904600005e+07  
681  3.0241969046100046e+07 
682  2.999196904620005e+07  
683  2.974196904630005e+07  
684  2.949196904640005e+07  
685  3.0986304046500053e+07 
686  3.0736304046600047e+07 
687  3.0486304046700038e+07 
688  3.023630404680004e+07  
689  2.998630404690004e+07  
690  2.9736304047000043e+07 
691  3.102368404710005e+07  
692  3.077368404720004e+07  
693  3.0523684047300037e+07 
694  3.027368404740004e+07  
695  3.002368404750004e+07  
696  2.9773684047600042e+07 
697  3.1356714047700044e+07 
698  3.110671404780004e+07  
699  3.085671404790004e+07  
700  3.0606714048000038e+07 
701  3.035671404810004e+07  
702  3.010671404820004e+07  
703  3.1453224048300043e+07 
704  3.1203224048400044e+07 
705  3.0953224048500042e+07 
706  3.070322404860004e+07  
707  3.0453224048700042e+07 
708  3.0203224048800044e+07 
709  3.1667994048900045e+07 
710  3.1417994049000047e+07 
711  3.116799404910005e+07  
712  3.0917994049200043e+07 
713  3.066799404930004e+07  
714  3.0417994049400043e+07 
715  3.1853199049500044e+07 
716  3.1603199049600046e+07 
717  3.1353199049700048e+07 
718  3.110319904980005e+07  
719  3.0853199049900047e+07 
720  3.060319905000005e+07  
721  3.189057905010005e+07  
722  3.1640579050200053e+07 
723  3.1390579050300054e+07 
724  3.1140579050400052e+07 
725  3.0890579050500054e+07 
726  3.064057905060005e+07  
727  3.201665405070005e+07  
728  3.176665405080005e+07  
729  3.1516654050900053e+07 
730  3.126665405100005e+07  
731  3.101665405110005e+07  
732  3.0766654051200047e+07 
733  3.220185905130005e+07  
734  3.195185905140005e+07  
735  3.1701859051500052e+07 
736  3.145185905160005e+07  
737  3.120185905170005e+07  
738  3.0951859051800054e+07 
739  3.2268804051900048e+07 
740  3.201880405200005e+07  
741  3.176880405210005e+07  
742  3.1518804052200053e+07 
743  3.126880405230005e+07  
744  3.1018804052400053e+07 
745  3.2394879052500054e+07 
746  3.2144879052600056e+07 
747  3.1894879052700058e+07 
748  3.164487905280006e+07  
749  3.139487905290006e+07  
750  3.114487905300006e+07  
751  3.2609649053100053e+07 
752  3.2359649053200055e+07 
753  3.210964905330005e+07  
754  3.185964905340005e+07  
755  3.1609649053500056e+07 
756  3.1359649053600058e+07 
757  3.2676594053700052e+07 
758  3.242659405380006e+07  
759  3.2176594053900056e+07 
760  3.1926594054000057e+07 
761  3.167659405410006e+07  
762  3.1426594054200057e+07 
763  3.2861799054300062e+07 
764  3.2611799054400064e+07 
765  3.2361799054500066e+07 
766  3.2111799054600053e+07 
767  3.1861799054700054e+07 
768  3.1611799054800056e+07 
769  3.3076569054900058e+07 
770  3.2826569055000056e+07 
771  3.2576569055100057e+07 
772  3.232656905520006e+07  
773  3.2076569055300053e+07 
774  3.1826569055400055e+07 
775  3.317307905550006e+07  
776  3.292307905560006e+07  
777  3.267307905570006e+07  
778  3.2423079055800054e+07 
779  3.2173079055900056e+07 
780  3.1923079056000058e+07 
781  3.335828405610006e+07  
782  3.3108284056200057e+07 
783  3.2858284056300063e+07 
784  3.2608284056400064e+07 
785  3.235828405650006e+07  
786  3.210828405660006e+07  
787  3.3602619056700066e+07 
788  3.3352619056800064e+07 
789  3.310261905690007e+07  
790  3.285261905700007e+07  
791  3.2602619057100073e+07 
792  3.2352619057200067e+07 
793  3.369912905730007e+07  
794  3.344912905740007e+07  
795  3.3199129057500068e+07 
796  3.2949129057600074e+07 
797  3.2699129057700068e+07 
798  3.2449129057800062e+07 
799  3.391389905790006e+07  
800  3.3663899058000065e+07 
801  3.341389905810007e+07  
802  3.316389905820007e+07  
803  3.291389905830007e+07  
804  3.266389905840007e+07  
805  3.4158234058500074e+07 
806  3.3908234058600076e+07 
807  3.365823405870008e+07  
808  3.3408234058800075e+07 
809  3.3158234058900077e+07 
810  3.2908234059000075e+07 
811  3.428430905910008e+07  
812  3.403430905920008e+07  
813  3.378430905930008e+07  
814  3.3534309059400074e+07 
815  3.3284309059500072e+07 
816  3.3034309059600074e+07 
817  3.449907905970007e+07  
818  3.4249079059800066e+07 
819  3.399907905990007e+07  
820  3.374907906000008e+07  
821  3.3499079060100067e+07 
822  3.324907906020007e+07  
823  3.477297906030007e+07  
824  3.452297906040006e+07  
825  3.427297906050006e+07  
826  3.4022979060600065e+07 
827  3.377297906070007e+07  
828  3.3522979060800064e+07 
829  3.489905406090006e+07  
830  3.4649054061000064e+07 
831  3.439905406110006e+07  
832  3.414905406120006e+07  
833  3.389905406130006e+07  
834  3.364905406140006e+07  
835  3.514338906150007e+07  
836  3.4893389061600074e+07 
837  3.4643389061700076e+07 
838  3.439338906180006e+07  
839  3.4143389061900064e+07 
840  3.389338906200006e+07  
841  3.541728906210006e+07  
842  3.516728906220007e+07  
843  3.491728906230007e+07  
844  3.466728906240006e+07  
845  3.441728906250006e+07  
846  3.416728906260007e+07  
847  3.554336406270007e+07  
848  3.529336406280007e+07  
849  3.504336406290007e+07  
850  3.479336406300006e+07  
851  3.454336406310006e+07  
852  3.4293364063200064e+07 
853  3.578769906330006e+07  
854  3.553769906340006e+07  
855  3.528769906350006e+07  
856  3.503769906360006e+07  
857  3.4787699063700065e+07 
858  3.453769906380006e+07  
859  3.606159906390006e+07  
860  3.581159906400006e+07  
861  3.5561599064100064e+07 
862  3.5311599064200066e+07 
863  3.506159906430007e+07  
864  3.481159906440007e+07  
865  3.6187674064500056e+07 
866  3.5937674064600065e+07 
867  3.568767406470007e+07  
868  3.543767406480006e+07  
869  3.518767406490006e+07  
870  3.4937674065000065e+07 
871  3.643200906510007e+07  
872  3.618200906520007e+07  
873  3.593200906530006e+07  
874  3.568200906540007e+07  
875  3.543200906550007e+07  
876  3.518200906560007e+07  
877  3.670590906570007e+07  
878  3.645590906580006e+07  
879  3.6205909065900065e+07 
880  3.595590906600006e+07  
881  3.570590906610006e+07  
882  3.5455909066200055e+07 
883  3.683198406630006e+07  
884  3.658198406640006e+07  
885  3.633198406650006e+07  
886  3.608198406660006e+07  
887  3.583198406670006e+07  
888  3.5581984066800065e+07 
889  3.707631906690007e+07  
890  3.6826319067000076e+07 
891  3.657631906710008e+07  
892  3.632631906720007e+07  
893  3.6076319067300074e+07 
894  3.5826319067400075e+07 
895  3.735021906750008e+07  
896  3.710021906760008e+07  
897  3.685021906770008e+07  
898  3.6600219067800075e+07 
899  3.635021906790007e+07  
900  3.610021906800008e+07  
901  3.747629406810008e+07  
902  3.722629406820008e+07  
903  3.6976294068300076e+07 
904  3.672629406840007e+07  
905  3.647629406850007e+07  
906  3.6226294068600066e+07 
907  3.772062906870007e+07  
908  3.747062906880007e+07  
909  3.722062906890007e+07  
910  3.697062906900007e+07  
911  3.6720629069100074e+07 
912  3.6470629069200076e+07 
913  3.799452906930007e+07  
914  3.774452906940007e+07  
915  3.7494529069500074e+07 
916  3.7244529069600075e+07 
917  3.699452906970008e+07  
918  3.674452906980008e+07  
919  3.812060406990007e+07  
920  3.7870604070000075e+07 
921  3.762060407010008e+07  
922  3.737060407020008e+07  
923  3.712060407030008e+07  
924  3.687060407040008e+07  
925  3.836493907050008e+07  
926  3.811493907060007e+07  
927  3.786493907070007e+07  
928  3.761493907080007e+07  
929  3.7364939070900075e+07 
930  3.711493907100008e+07  
931  3.863883907110008e+07  
932  3.838883907120008e+07  
933  3.8138839071300074e+07 
934  3.7888839071400076e+07 
935  3.763883907150008e+07  
936  3.738883907160008e+07  
937  3.8764914071700074e+07 
938  3.8514914071800075e+07 
939  3.826491407190008e+07  
940  3.801491407200008e+07  
941  3.776491407210008e+07  
942  3.751491407220008e+07  
943  3.9009249072300084e+07 
944  3.8759249072400086e+07 
945  3.850924907250009e+07  
946  3.825924907260008e+07  
947  3.800924907270008e+07  
948  3.7759249072800085e+07 
949  3.928314907290009e+07  
950  3.903314907300009e+07  
951  3.878314907310009e+07  
952  3.853314907320009e+07  
953  3.828314907330008e+07  
954  3.803314907340008e+07  
955  3.940922407350008e+07  
956  3.915922407360008e+07  
957  3.890922407370008e+07  
958  3.865922407380008e+07  
959  3.8409224073900074e+07 
960  3.8159224074000075e+07 
961  3.965355907410008e+07  
962  3.940355907420008e+07  
963  3.915355907430008e+07  
964  3.890355907440009e+07  
965  3.8653559074500084e+07 
966  3.840355907460008e+07  
967  3.992745907470008e+07  
968  3.967745907480008e+07  
969  3.942745907490008e+07  
970  3.9177459075000085e+07 
971  3.892745907510009e+07  
972  3.867745907520009e+07  
973  4.005353407530008e+07  
974  3.9803534075400084e+07 
975  3.9553534075500086e+07 
976  3.930353407560009e+07  
977  3.905353407570009e+07  
978  3.880353407580009e+07  
979  4.029786907590009e+07  
980  4.004786907600009e+07  
981  3.979786907610009e+07  
982  3.954786907620009e+07  
983  3.929786907630009e+07  
984  3.9047869076400094e+07 
985  4.0571769076500095e+07 
986  4.032176907660009e+07  
987  4.0071769076700084e+07 
988  3.9821769076800086e+07 
989  3.957176907690009e+07  
990  3.932176907700009e+07  
991  4.069784407710009e+07  
992  4.044784407720009e+07  
993  4.0197844077300094e+07 
994  3.994784407740008e+07  
995  3.969784407750008e+07  
996  3.9447844077600084e+07 
997  4.0942179077700086e+07 
998  4.069217907780008e+07  
999  4.044217907790009e+07  
1000 4.019217907800008e+07  
1001 3.9942179078100085e+07 
1002 3.969217907820009e+07  
1003 4.121607907830009e+07  
1004 4.096607907840009e+07  
1005 4.0716079078500085e+07 
1006 4.0466079078600086e+07 
1007 4.021607907870008e+07  
1008 3.996607907880008e+07  
1009 4.1342154078900084e+07 
1010 4.1092154079000086e+07 
1011 4.084215407910009e+07  
1012 4.05921540792001e+07   
1013 4.034215407930009e+07  
1014 4.009215407940008e+07  
1015 4.158648907950008e+07  
1016 4.133648907960008e+07  
1017 4.108648907970009e+07  
1018 4.083648907980009e+07  
1019 4.0586489079900086e+07 
1020 4.033648908000008e+07  
1021 4.1860389080100074e+07 
1022 4.1610389080200076e+07 
1023 4.136038908030008e+07  
1024 4.111038908040008e+07  
1025 4.086038908050009e+07  
1026 4.061038908060008e+07  
1027 4.1986464080700085e+07 
1028 4.1736464080800086e+07 
1029 4.148646408090009e+07  
1030 4.123646408100009e+07  
1031 4.098646408110009e+07  
1032 4.082515908120009e+07  
1033 4.231949408130009e+07  
1034 4.206949408140009e+07  
1035 4.181949408150008e+07  
1036 4.1569494081600085e+07 
1037 4.131949408170009e+07  
1038 4.106949408180009e+07  
1039 4.259339408190008e+07  
1040 4.2343394082000084e+07 
1041 4.209339408210008e+07  
1042 4.184339408220008e+07  
1043 4.159339408230008e+07  
1044 4.143208908240008e+07  
1045 4.2778599082500085e+07 
1046 4.2528599082600094e+07 
1047 4.2278599082700096e+07 
1048 4.202859908280008e+07  
1049 4.1778599082900085e+07 
1050 4.1528599083000086e+07 
1051 4.302293408310009e+07  
1052 4.277293408320009e+07  
1053 4.252293408330009e+07  
1054 4.227293408340009e+07  
1055 4.2022934083500095e+07 
1056 4.18616290836001e+07   
1057 4.33559640837001e+07   
1058 4.310596408380009e+07  
1059 4.285596408390009e+07  
1060 4.2605964084000096e+07 
1061 4.235596408410009e+07  
1062 4.210596408420009e+07  
1063 4.345247408430009e+07  
1064 4.3202474084400095e+07 
1065 4.2952474084500104e+07 
1066 4.27024740846001e+07   
1067 4.245247408470009e+07  
1068 4.2291169084800094e+07 
1069 4.3755939084900096e+07 
1070 4.35059390850001e+07   
1071 4.32559390851001e+07   
1072 4.30059390852001e+07   
1073 4.27559390853001e+07   
1074 4.250593908540011e+07  
1075 4.40002740855001e+07   
1076 4.37502740856001e+07   
1077 4.35002740857001e+07   
1078 4.32502740858001e+07   
1079 4.30002740859001e+07   
1080 4.28389690860001e+07   
1081 4.41559140861001e+07   
1082 4.39059140862001e+07   
1083 4.3655914086300105e+07 
1084 4.340591408640011e+07  
1085 4.31559140865001e+07   
1086 4.29059140866001e+07   
1087 4.43706840867001e+07   
1088 4.41206840868001e+07   
1089 4.387068408690009e+07  
1090 4.3620684087000094e+07 
1091 4.3370684087100096e+07 
1092 4.320937908720009e+07  
1093 4.46741490873001e+07   
1094 4.442414908740009e+07  
1095 4.4174149087500095e+07 
1096 4.39241490876001e+07   
1097 4.36741490877001e+07   
1098 4.342414908780009e+07  
1099 4.474109408790009e+07  
1100 4.449109408800009e+07  
1101 4.42410940881001e+07   
1102 4.399109408820009e+07  
1103 4.3741094088300094e+07 
1104 4.3579789088400096e+07 
1105 4.501499408850009e+07  
1106 4.476499408860009e+07  
1107 4.451499408870009e+07  
1108 4.426499408880009e+07  
1109 4.401499408890008e+07  
1110 4.376499408900008e+07  
1111 4.5229764089100085e+07 
1112 4.497976408920009e+07  
1113 4.4729764089300096e+07 
1114 4.447976408940009e+07  
1115 4.422976408950009e+07  
1116 4.406845908960009e+07  
1117 4.535583908970009e+07  
1118 4.510583908980009e+07  
1119 4.485583908990009e+07  
1120 4.460583909000009e+07  
1121 4.435583909010009e+07  
1122 4.410583909020009e+07  
1123 4.554104409030009e+07  
1124 4.529104409040009e+07  
1125 4.504104409050009e+07  
1126 4.479104409060009e+07  
1127 4.454104409070009e+07  
1128 4.437973909080009e+07  
1129 4.581494409090009e+07  
1130 4.556494409100009e+07  
1131 4.531494409110009e+07  
1132 4.506494409120009e+07  
1133 4.481494409130009e+07  
1134 4.45649440914001e+07   
1135 4.5852324091500096e+07 
1136 4.5602324091600105e+07 
1137 4.535232409170009e+07  
1138 4.5102324091800086e+07 
1139 4.485232409190009e+07  
1140 4.46910190920001e+07   
1141 4.60966590921001e+07   
1142 4.58466590922001e+07   
1143 4.55966590923001e+07   
1144 4.5346659092400104e+07 
1145 4.50966590925001e+07   
1146 4.48466590926001e+07   
1147 4.62818640927001e+07   
1148 4.603186409280012e+07  
1149 4.578186409290012e+07  
1150 4.5531864093000114e+07 
1151 4.5281864093100116e+07 
1152 4.520925409320012e+07  
1153 4.646706909330012e+07  
1154 4.621706909340012e+07  
1155 4.596706909350012e+07  
1156 4.5717069093600124e+07 
1157 4.5467069093700126e+07 
1158 4.521706909380012e+07  
1159 4.662270909390012e+07  
1160 4.637270909400012e+07  
1161 4.6122709094100125e+07 
1162 4.587270909420013e+07  
1163 4.562270909430012e+07  
1164 4.546140409440012e+07  
1165 4.683747909450012e+07  
1166 4.658747909460012e+07  
1167 4.633747909470013e+07  
1168 4.608747909480013e+07  
1169 4.583747909490013e+07  
1170 4.558747909500013e+07  
1171 4.6845294095100135e+07 
1172 4.659529409520013e+07  
1173 4.634529409530013e+07  
1174 4.609529409540014e+07  
1175 4.584529409550014e+07  
1176 4.568398909560013e+07  
1177 4.706006409570013e+07  
1178 4.681006409580013e+07  
1179 4.6560064095900126e+07 
1180 4.631006409600013e+07  
1181 4.606006409610013e+07  
1182 4.581006409620012e+07  
1183 4.7186139096300125e+07 
1184 4.693613909640013e+07  
1185 4.668613909650012e+07  
1186 4.643613909660012e+07  
1187 4.618613909670013e+07  
1188 4.602483409680013e+07  
1189 4.7253084096900135e+07 
1190 4.700308409700014e+07  
1191 4.675308409710014e+07  
1192 4.6503084097200125e+07 
1193 4.625308409730012e+07  
1194 4.600308409740012e+07  
1195 4.737915909750012e+07  
1196 4.712915909760013e+07  
1197 4.6879159097700134e+07 
1198 4.6629159097800136e+07 
1199 4.637915909790013e+07  
1200 4.648393909800013e+07  
1201 4.783044909810013e+07  
1202 4.758044909820013e+07  
1203 4.733044909830014e+07  
1204 4.708044909840014e+07  
1205 4.683044909850013e+07  
1206 4.658044909860013e+07  
1207 4.780869909870013e+07  
1208 4.755869909880012e+07  
1209 4.7308699098900124e+07 
1210 4.7058699099000126e+07 
1211 4.680869909910013e+07  
1212 4.682478409920013e+07  
1213 4.8082599099300124e+07 
1214 4.7832599099400125e+07 
1215 4.758259909950013e+07  
1216 4.733259909960013e+07  
1217 4.708259909970013e+07  
1218 4.683259909980013e+07  
1219 4.817910909990013e+07  
1220 4.792910910000012e+07  
1221 4.767910910010012e+07  
1222 4.7429109100200124e+07 
1223 4.7179109100300126e+07 
1224 4.728388910040012e+07  
1225 4.842344410050012e+07  
1226 4.817344410060012e+07  
1227 4.792344410070012e+07  
1228 4.767344410080012e+07  
1229 4.742344410090013e+07  
1230 4.717344410100013e+07  
1231 4.843125910110013e+07  
1232 4.8181259101200126e+07 
1233 4.793125910130012e+07  
1234 4.768125910140012e+07  
1235 4.743125910150012e+07  
1236 4.753603910160012e+07  
1237 4.876428910170012e+07  
1238 4.851428910180012e+07  
1239 4.8264289101900116e+07 
1240 4.801428910200012e+07  
1241 4.776428910210012e+07  
1242 4.751428910220012e+07  
1243 4.865384410230012e+07  
1244 4.8403844102400124e+07 
1245 4.815384410250012e+07  
1246 4.790384410260012e+07  
1247 4.7653844102700114e+07 
1248 4.7758624102800116e+07 
1249 4.889817910290011e+07  
1250 4.864817910300011e+07  
1251 4.839817910310011e+07  
1252 4.8148179103200115e+07 
1253 4.789817910330011e+07  
1254 4.764817910340011e+07  
1255 4.887642910350011e+07  
1256 4.8626429103600115e+07 
1257 4.837642910370013e+07  
1258 4.812642910380013e+07  
1259 4.787642910390012e+07  
1260 4.7892514104000114e+07 
1261 4.8913809104100116e+07 
1262 4.866380910420012e+07  
1263 4.841380910430012e+07  
1264 4.816380910440012e+07  
1265 4.791380910450012e+07  
1266 4.766380910460011e+07  
1267 4.8803364104700126e+07 
1268 4.855336410480011e+07  
1269 4.830336410490013e+07  
1270 4.805336410500013e+07  
1271 4.780336410510013e+07  
1272 4.7908144105200134e+07 
1273 4.904769910530012e+07  
1274 4.879769910540012e+07  
1275 4.8547699105500124e+07 
1276 4.8297699105600126e+07 
1277 4.804769910570013e+07  
1278 4.779769910580013e+07  
1279 4.8818994105900116e+07 
1280 4.856899410600013e+07  
1281 4.8318994106100135e+07 
1282 4.806899410620012e+07  
1283 4.781899410630012e+07  
1284 4.7835079106400125e+07 
1285 4.885637410650012e+07  
1286 4.860637410660011e+07  
1287 4.8356374106700115e+07 
1288 4.810637410680012e+07  
1289 4.785637410690012e+07  
1290 4.760637410700012e+07  
1291 4.874592910710012e+07  
1292 4.849592910720013e+07  
1293 4.8245929107300125e+07 
1294 4.799592910740013e+07  
1295 4.774592910750013e+07  
1296 4.793940410760013e+07  
1297 4.887200410770013e+07  
1298 4.8622004107800126e+07 
1299 4.837200410790012e+07  
1300 4.812200410800014e+07  
1301 4.787200410810014e+07  
1302 4.762200410820014e+07  
1303 4.864329910830013e+07  
1304 4.839329910840013e+07  
1305 4.814329910850013e+07  
1306 4.789329910860013e+07  
1307 4.7643299108700134e+07 
1308 4.7659384108800136e+07 
1309 4.865111410890014e+07  
1310 4.840111410900014e+07  
1311 4.815111410910013e+07  
1312 4.7901114109200135e+07 
1313 4.765111410930014e+07  
1314 4.7401114109400146e+07 
1315 4.833371410950015e+07  
1316 4.808371410960015e+07  
1317 4.783371410970015e+07  
1318 4.7583714109800145e+07 
1319 4.733371410990015e+07  
1320 4.743849411000014e+07  
1321 4.837109411010014e+07  
1322 4.812109411020015e+07  
1323 4.787109411030015e+07  
1324 4.762109411040015e+07  
1325 4.7371094110500135e+07 
1326 4.7121094110600136e+07 
1327 4.811282411070014e+07  
1328 4.786282411080014e+07  
1329 4.761282411090014e+07  
1330 4.736282411100014e+07  
1331 4.711282411110015e+07  
1332 4.721760411120014e+07  
1333 4.803194411130014e+07  
1334 4.778194411140014e+07  
1335 4.7531944111500144e+07 
1336 4.7281944111600146e+07 
1337 4.703194411170015e+07  
1338 4.678194411180015e+07  
1339 4.771454411190014e+07  
1340 4.7464544112000145e+07 
1341 4.721454411210014e+07  
1342 4.696454411220014e+07  
1343 4.671454411230016e+07  
1344 4.681932411240015e+07  
1345 4.769279411250015e+07  
1346 4.7442794112600155e+07 
1347 4.719279411270016e+07  
1348 4.694279411280016e+07  
1349 4.669279411290016e+07  
1350 4.644279411300016e+07  
1351 4.7257134113100156e+07 
1352 4.700713411320015e+07  
1353 4.675713411330015e+07  
1354 4.6507134113400154e+07 
1355 4.6257134113500156e+07 
1356 4.627321911360016e+07  
1357 4.708755911370016e+07  
1358 4.683755911380016e+07  
1359 4.658755911390014e+07  
1360 4.633755911400014e+07  
1361 4.608755911410014e+07  
1362 4.5837559114200145e+07 
1363 4.671102911430014e+07  
1364 4.646102911440014e+07  
1365 4.621102911450014e+07  
1366 4.5961029114600144e+07 
1367 4.571102911470014e+07  
1368 4.581580911480014e+07  
1369 4.654145411490014e+07  
1370 4.629145411500014e+07  
1371 4.6041454115100145e+07 
1372 4.579145411520014e+07  
1373 4.554145411530014e+07  
1374 4.529145411540014e+07  
1375 4.6105794115500145e+07 
1376 4.585579411560015e+07  
1377 4.560579411570014e+07  
1378 4.535579411580014e+07  
1379 4.5105794115900144e+07 
1380 4.5210574116000146e+07 
1381 4.596578411610015e+07  
1382 4.571578411620015e+07  
1383 4.546578411630014e+07  
1384 4.521578411640014e+07  
1385 4.496578411650014e+07  
1386 4.471578411660014e+07  
1387 4.544142911670014e+07  
1388 4.5191429116800144e+07 
1389 4.4941429116900146e+07 
1390 4.469142911700015e+07  
1391 4.444142911710014e+07  
1392 4.454620911720014e+07  
1393 4.5242289117300145e+07 
1394 4.499228911740015e+07  
1395 4.474228911750015e+07  
1396 4.4492289117600136e+07 
1397 4.424228911770014e+07  
1398 4.399228911780014e+07  
1399 4.474749911790014e+07  
1400 4.4497499118000135e+07 
1401 4.424749911810014e+07  
1402 4.399749911820013e+07  
1403 4.374749911830013e+07  
1404 4.3763584118400134e+07 
1405 4.4370969118500136e+07 
1406 4.412096911860014e+07  
1407 4.387096911870013e+07  
1408 4.362096911880013e+07  
1409 4.3370969118900135e+07 
1410 4.312096911900014e+07  
1411 4.381704911910014e+07  
1412 4.356704911920014e+07  
1413 4.331704911930013e+07  
1414 4.3067049119400136e+07 
1415 4.281704911950013e+07  
1416 4.301052411960013e+07  
1417 4.3677039119700134e+07 
1418 4.3427039119800135e+07 
1419 4.317703911990012e+07  
1420 4.2927039120000124e+07 
1421 4.267703912010013e+07  
1422 4.242703912020013e+07  
1423 4.303442412030012e+07  
1424 4.278442412040012e+07  
1425 4.253442412050012e+07  
1426 4.228442412060012e+07  
1427 4.203442412070012e+07  
1428 4.205050912080012e+07  
1429 4.259876412090012e+07  
1430 4.234876412100012e+07  
1431 4.209876412110012e+07  
1432 4.1848764121200114e+07 
1433 4.159876412130012e+07  
1434 4.1348764121400125e+07 
1435 4.201527912150012e+07  
1436 4.176527912160012e+07  
1437 4.151527912170012e+07  
1438 4.126527912180013e+07  
1439 4.101527912190013e+07  
1440 4.112005912200013e+07  
1441 4.163874912210012e+07  
1442 4.1388749122200124e+07 
1443 4.113874912230013e+07  
1444 4.0888749122400135e+07 
1445 4.063874912250014e+07  
1446 4.038874912260014e+07  
1447 4.093700412270014e+07  
1448 4.068700412280014e+07  
1449 4.043700412290014e+07  
1450 4.0187004123000145e+07 
1451 3.993700412310013e+07  
1452 3.995308912320013e+07  
1453 4.0501344123300135e+07 
1454 4.025134412340014e+07  
1455 4.000134412350014e+07  
1456 3.9751344123600125e+07 
1457 3.950134412370013e+07  
1458 3.925134412380013e+07  
1459 3.977003412390013e+07  
1460 3.952003412400013e+07  
1461 3.9270034124100134e+07 
1462 3.902003412420013e+07  
1463 3.877003412430012e+07  
1464 3.8963509124400124e+07 
1465 3.9423069124500126e+07 
1466 3.917306912460013e+07  
1467 3.8923069124700114e+07 
1468 3.867306912480012e+07  
1469 3.8423069124900125e+07 
1470 3.817306912500013e+07  
1471 3.872132412510013e+07  
1472 3.847132412520012e+07  
1473 3.822132412530012e+07  
1474 3.797132412540012e+07  
1475 3.772132412550012e+07  
1476 3.7737409125600114e+07 
1477 3.8108274125700116e+07 
1478 3.785827412580012e+07  
1479 3.760827412590012e+07  
1480 3.735827412600012e+07  
1481 3.7108274126100115e+07 
1482 3.6858274126200125e+07 
1483 3.731783412630012e+07  
1484 3.706783412640012e+07  
1485 3.681783412650012e+07  
1486 3.6567834126600124e+07 
1487 3.631783412670012e+07  
1488 3.651130912680011e+07  
1489 3.6970869126900114e+07 
1490 3.6720869127000116e+07 
1491 3.647086912710011e+07  
1492 3.6220869127200104e+07 
1493 3.5970869127300106e+07 
1494 3.572086912740011e+07  
1495 3.609173412750011e+07  
1496 3.584173412760011e+07  
1497 3.559173412770011e+07  
1498 3.5341734127800114e+07 
1499 3.5091734127900116e+07 
1500 3.501912412800011e+07  
1501 3.533085912810012e+07  
1502 3.5080859128200114e+07 
1503 3.483085912830011e+07  
1504 3.458085912840011e+07  
1505 3.4330859128500104e+07 
1506 3.408085912860009e+07  
1507 3.454041912870009e+07  
1508 3.4290419128800094e+07 
1509 3.4040419128900096e+07 
1510 3.379041912900009e+07  
1511 3.3540419129100088e+07 
1512 3.3733894129200086e+07 
1513 3.404562912930009e+07  
1514 3.379562912940009e+07  
1515 3.3545629129500084e+07 
1516 3.3295629129600085e+07 
1517 3.3045629129700087e+07 
1518 3.279562912980009e+07  
1519 3.310736412990009e+07  
1520 3.2857364130000085e+07 
1521 3.2607364130100086e+07 
1522 3.2357364130200084e+07 
1523 3.210736413030008e+07  
1524 3.212344913040008e+07  
1525 3.243518413050008e+07  
1526 3.218518413060008e+07  
1527 3.193518413070008e+07  
1528 3.1685184130800076e+07 
1529 3.1435184130900078e+07 
1530 3.118518413100008e+07  
1531 3.1496919131100073e+07 
1532 3.124691913120007e+07  
1533 3.0996919131300073e+07 
1534 3.0746919131400075e+07 
1535 3.0496919131500073e+07 
1536 3.060169913160007e+07  
1537 3.0824739131700072e+07 
1538 3.0574739131800074e+07 
1539 3.032473913190007e+07  
1540 3.007473913200007e+07  
1541 2.9824739132100064e+07 
1542 2.957473913220007e+07  
1543 2.9886474132300064e+07 
1544 2.9636474132400062e+07 
1545 2.938647413250006e+07  
1546 2.913647413260006e+07  
1547 2.888647413270006e+07  
1548 2.8991254132800054e+07 
1549 2.918472913290006e+07  
1550 2.8934729133000057e+07 
1551 2.868472913310006e+07  
1552 2.843472913320006e+07  
1553 2.8184729133300062e+07 
1554 2.793472913340006e+07  
1555 2.8157769133500054e+07 
1556 2.7907769133600056e+07 
1557 2.7657769133700058e+07 
1558 2.740776913380006e+07  
1559 2.7157769133900054e+07 
1560 2.717385413400005e+07  
1561 2.7367329134100053e+07 
1562 2.7117329134200048e+07 
1563 2.6867329134300046e+07 
1564 2.661732913440005e+07  
1565 2.6367329134500053e+07 
1566 2.6117329134600047e+07 
1567 2.631080413470005e+07  
1568 2.6060804134800054e+07 
1569 2.5810804134900056e+07 
1570 2.5560804135000054e+07 
1571 2.531080413510006e+07  
1572 2.541558413520005e+07  
1573 2.5549929135300048e+07 
1574 2.529992913540005e+07  
1575 2.5049929135500047e+07 
1576 2.4799929135600045e+07 
1577 2.4549929135700047e+07 
1578 2.4299929135800045e+07 
1579 2.449340413590004e+07  
1580 2.424340413600004e+07  
1581 2.3993404136100043e+07 
1582 2.3743404136200037e+07 
1583 2.349340413630004e+07  
1584 2.3598184136400044e+07 
1585 2.367339913650004e+07  
1586 2.342339913660004e+07  
1587 2.3173399136700038e+07 
1588 2.2923399136800036e+07 
1589 2.2673399136900038e+07 
1590 2.242339913700004e+07  
1591 2.2557744137100037e+07 
1592 2.230774413720004e+07  
1593 2.2057744137300037e+07 
1594 2.1807744137400035e+07 
1595 2.1557744137500033e+07 
1596 2.157382913760003e+07  
1597 2.164904413770003e+07  
1598 2.139904413780003e+07  
1599 2.114904413790002e+07  
1600 2.089904413800002e+07  
1601 2.0649044138100024e+07 
1602 2.039904413820001e+07  
1603 2.0474259138300013e+07 
1604 2.022425913840001e+07  
1605 1.9974259138500012e+07 
1606 1.972425913860001e+07  
1607 1.947425913870001e+07  
1608 1.957903913880001e+07  
1609 1.96246891389e+07      
1610 1.9374689139000006e+07 
1611 1.91246891391e+07      
1612 1.88746891392e+07      
1613 1.8624689139299996e+07 
1614 1.8374689139399994e+07 
1615 1.8449904139499996e+07 
1616 1.8199904139599994e+07 
1617 1.794990413969999e+07  
1618 1.769990413979999e+07  
1619 1.7449904139899995e+07 
1620 1.755468413999999e+07  
1621 1.7511639140099987e+07 
1622 1.726163914019999e+07  
1623 1.7011639140299987e+07 
1624 1.6761639140399985e+07 
1625 1.6511639140499985e+07 
1626 1.6261639140599985e+07 
1627 1.6307289140699985e+07 
1628 1.6057289140799986e+07 
1629 1.5807289140899986e+07 
1630 1.5557289140999986e+07 
1631 1.530728914109999e+07  
1632 1.5323374141199987e+07 
1633 1.5280329141299991e+07 
1634 1.503032914139999e+07  
1635 1.4780329141499992e+07 
1636 1.4530329141599994e+07 
1637 1.4280329141699992e+07 
1638 1.4030329141799992e+07 
1639 1.398728414189999e+07  
1640 1.373728414199999e+07  
1641 1.3487284142099991e+07 
1642 1.3237284142199993e+07 
1643 1.2987284142299993e+07 
1644 1.3092064142399993e+07 
1645 1.3049019142499993e+07 
1646 1.2799019142599992e+07 
1647 1.2549019142699992e+07 
1648 1.2299019142799992e+07 
1649 1.2049019142899994e+07 
1650 1.1799019142999994e+07 
1651 1.1755974143099995e+07 
1652 1.1505974143199997e+07 
1653 1.1255974143299997e+07 
1654 1.1005974143399997e+07 
1655 1.0755974143499997e+07 
1656 1.0860754143599998e+07 
1657 1.0699449143699996e+07 
1658 1.04494491438e+07      
1659 1.0199449143899998e+07 
1660 9.949449143999998e+06  
1661 9.6994491441e+06       
1662 9.449449144199999e+06  
1663 9.4064041443e+06       
1664 9.156404144400002e+06  
1665 8.906404144500002e+06  
1666 8.6564041446e+06       
1667 8.4064041447e+06       
1668 8.4224891448e+06       
1669 8.261184144900002e+06  
1670 8.011184145e+06        
1671 7.761184145099999e+06  
1672 7.511184145200001e+06  
1673 7.261184145300001e+06  
1674 7.011184145400001e+06  
1675 6.849879145500001e+06  
1676 6.5998791456e+06       
1677 6.349879145700001e+06  
1678 6.099879145800002e+06  
1679 5.849879145900002e+06  
1680 5.688574146000002e+06  
1681 5.556834146100002e+06  
1682 5.306834146200003e+06  
1683 5.056834146300003e+06  
1684 4.806834146400003e+06  
1685 4.556834146500004e+06  
1686 4.306834146600003e+06  
1687 4.145529146700005e+06  
1688 3.895529146800006e+06  
1689 3.6455291469000066e+06 
1690 3.3955291470000064e+06 
1691 3.145529147100007e+06  
1692 2.984224147200008e+06  
1693 2.7933541473000078e+06 
1694 2.5433541474000067e+06 
1695 2.2933541475000065e+06 
1696 2.0433541476000075e+06 
1697 1.793354147700007e+06  
1698 1.5433541478000071e+06 
1699 1.4116141479000072e+06 
1700 1.1616141480000073e+06 
1701 911614.1481000071      
1702 661614.1482000069      
1703 411614.14830000704     
1704 339004.14840000705     
1705 148134.14850000705     
1706 0                      
1707 0                      
1708 0                      
1709 0                      
1710 0                      
1711 59130                  
1712 0                      
1713 0                      
1714 0                      
1715 0                      
1716 88695                  
1717 59130                  
1718 0                      
1719 0                      
1720 0                      
1721 0                      
1722 0                      
1723 59130                  
1724 0                      
1725 0                      
1726 0                      
1727 0                      
1728 88695                  
1729 29565                  
1730 0                      
1731 0                      
1732 0                      
1733 0                      
1734 0                      
1735 59130                  
1736 0                      
1737 0                      
1738 0                      
1739 0                      
1740 88695                  
1741 29565                  
1742 0                      
1743 0                      
1744 0                      
1745 0                      
1746 0                      
1747 29565                  
1748 0                      
1749 0                      
1750 0                      
1751 0                      
1752 88695                  
1753 29565                  
1754 0                      
1755 0                      
1756 0                      
1757 0                      
1758 0                      
1759 29565                  
1760 0                      
1761 0                      
1762 0                      
1763 0                      
1764 88695                  
1765 0                      
1766 0                      
1767 0                      
1768 0                      
1769 0                      
1770 0                      
1771 29565                  
1772 0                      
1773 0                      
1774 0                      
1775 0                      
1776 88695                  
1777 0                      
1778 0                      
1779 0                      
1780 0                      
1781 0                      
1782 0                      
1783 0                      
1784 0                      
1785 0                      
1786 0                      
1787 0                      
1788 0                      
1789 0                      
1790 0                      
1791 0                      
1792 0                      
1793 0                      
1794 0                      
1795 0                      
1796 0                      
1797 0                      
1798 0                      
1799 0                      
1800 0                      
1801 0                      
1802 0                      
1803 0                      
1804 0                      
1805 0                      
1806 0                      
1807 0                      
1808 0                      
1809 0                      
1810 0                      
1811 0                      
1812 0                      
1813 0                      
1814 0                      
1815 0                      
1816 0                      
1817 0                      
1818 0                      
1819 0                      
1820 0                      
1821 0                      
1822 0                      
1823 0                      
1824 0                      
1825 0                      
1826 0                      
1827 0                      
1828 0                      
1829 0                      
1830 0                      
1831 0                      
1832 0                      
1833 0                      
1834 0                      
1835 0                      
1836 0                      
1837 0                      
1838 0                      
1839 0                      
1840 0                      
1841 0                      
1842 0                      
1843 0                      
1844 0                      
1845 0                      
1846 0                      
1847 0                      
1848 0                      
1849 0                      
1850 0                      
1851 0                      
1852 0                      
1853 0                      
1854 0                      
1855 0                      
1856 0                      
1857 0                      
1858 0                      
1859 0                      
1860 0                      
1861 0                      
1862 0                      
1863 0                      
1864 0                      
1865 0                      
1866 0                      
1867 0                      
1868 0                      
1869 0                      
1870 0                      
1871 0                      
1872 0                      
1873 0                      
1874 0                      
1875 0                      
1876 0                      
1877 0                      
1878 0                      
1879 0                      
1880 0                      
1881 0                      
1882 0                      
1883 0                      
1884 0                      
1885 0                      
1886 0                      
1887 0                      
1888 0                      
1889 0                      
1890 0                      
1891 0                      
1892 0                      
1893 0                      
1894 0                      
1895 0                      
1896 0                      
1897 0                      
1898 0                      
1899 0                      
1900 0                      
1901 0                      
1902 0                      
1903 0                      
1904 0                      
1905 0                      
1906 0                      
1907 0                      
1908 0                      
1909 0                      
1910 0                      
1911 0                      
1912 0                      
1913 0                      
1914 0                      
1915 0                      
1916 0                      
1917 0                      
1918 0                      
1919 0                      
1920 0                      
1921 0                      
1922 0                      
1923 0                      
1924 0                      
1925 0                      
1926 0                      
1927 0                      
1928 0                      
1929 0                      
1930 0                      
1931 0                      
1932 0                      
1933 0                      
1934 0                      
1935 0                      
1936 0                      
1937 0                      
1938 0                      
1939 0                      
1940 0                      
1941 0                      
1942 0                      
1943 0                      
1944 0                      
1945 0                      
1946 0                      
1947 0                      
1948 0                      
1949 0                      
1950 0                      
1951 0                      
1952 0                      
1953 0                      
1954 0                      
1955 0                      
1956 0                      
1957 0                      
1958 0                      
1959 0                      
1960 0                      
1961 0                      
1962 0                      
1963 0                      
1964 0                      
1965 0                      
1966 0                      
1967 0                      
1968 0                      
1969 0                      
1970 0                      
1971 0                      
1972 0                      
1973 0                      
1974 0                      
1975 0                      
1976 0                      
1977 0                      
1978 0                      
1979 0                      
1980 0                      
1981 0                      
1982 0                      
1983 0                      
1984 0                      
1985 0                      
1986 0                      
1987 0                      
1988 0                      
1989 0                      
1990 0                      
1991 0                      
1992 0                      
1993 0                      
1994 0                      
1995 0                      
1996 0                      
1997 0                      
1998 0                      
1999 0                      
2000 0                      
2001 0                      
2002 0                      
2003 0                      
2004 0                      
2005 0                      
2006 0                      
2007 0                      
2008 0                      
2009 0                      
2010 0                      
2011 0                      
2012 0                      
2013 0                      
2014 0                      
2015 0                      
2016 0                      
2017 0                      
2018 0                      
2019 0                      
2020 0                      
2021 0                      
2022 0                      
2023 0                      
2024 0                      
2025 0                      
2026 0                      
2027 0                      
2028 0                      
2029 0                      
2030 0                      
2031 0                      
2032 0                      
2033 0                      
2034 0                      
2035 0                      
2036 0                      
2037 0                      
2038 0                      
2039 0                      
2040 0                      
2041 0                      
2042 0                      
2043 0                      
2044 0                      
2045 0                      
2046 0                      
2047 0                      
2048 0                      
2049 0                      
2050 0                      
2051 0                      
2052 0                      
2053 0                      
2054 0                      
2055 0                      
2056 0                      
2057 0                      
2058 0                      
2059 0                      
2060 0                      
2061 0                      
2062 0                      
2063 0                      
2064 0                      
2065 0                      
2066 0                      
2067 0                      
2068 0                      
2069 0                      
2070 0                      
2071 0                      
2072 0                      
2073 0                      
2074 0                      
2075 0                      
2076 0                      
2077 0                      
2078 0                      
2079 0                      
2080 0                      
2081 0                      
2082 0                      
2083 0                      
2084 0                      
2085 0                      
2086 0                      
2087 0                      
2088 0                      
2089 0                      
2090 0                      
2091 0                      
2092 0                      
2093 0                      
2094 0                      
2095 0                      
2096 0                      
2097 0                      
2098 0                      
2099 0                      
2100 0                      
2101 0                      
2102 0                      
2103 0                      
2104 0                      
2105 0                      
2106 0                      
2107 0                      
2108 0                      
2109 0                      
2110 0                      
2111 0                      
2112 0                      
2113 0                      
2114 0                      
2115 0                      
2116 0                      
2117 0                      
2118 0                      
2119 0                      
2120 0                      
2121 0                      
2122 0                      
2123 0                      
2124 0                      
2125 0                      
2126 0                      
2127 0                      
2128 0                      
2129 0                      
2130 0                      
2131 0                      
2132 0                      
2133 0                      
2134 0                      
2135 0                      
2136 0                      
2137 0                      
2138 0                      
2139 0                      
2140 0                      
2141 0                      
2142 0                      
2143 0                      
2144 0                      
2145 0                      
2146 0                      
2147 0                      
2148 0                      
2149 0                      
2150 0                      
2151 0                      
2152 0                      
2153 0                      
2154 0                      
2155 0                      
2156 0                      
2157 0                      
2158 0                      
2159 0                      
2160 0                      
2161 0                      
2162 0                      
2163 0                      
2164 0                      
2165 0                      
2166 0                      
2167 0                      
2168 0                      
2169 0                      
2170 0                      
2171 0                      
2172 0                      
2173 0                      
2174 0                      
2175 0                      
2176 0                      
2177 0                      
2178 0                      
2179 0                      
2180 0                      
2181 0                      
2182 0                      
2183 0                      
2184 0                      
2185 0                      
2186 0                      
2187 0                      
2188 0                      
2189 0                      
2190 0                      
2191 0                      
2192 0                      
2193 0                      
2194 0                      
2195 0                      
2196 0                      
2197 0                      
2198 0                      
2199 0                      
2200 0                      
2201 0                      
2202 0                      
2203 0                      
2204 0                      
2205 0                      
2206 0                      
2207 0                      
2208 0                      
2209 0                      
2210 0                      
2211 0                      
2212 0                      
2213 0                      
2214 0                      
2215 0                      
2216 0                      
2217 0                      
2218 0                      
2219 0                      
2220 0                      
2221 0                      
2222 0                      
2223 0                      
2224 0                      
2225 0                      
2226 0                      
2227 0                      
2228 0                      
2229 0                      
2230 0                      
2231 0                      
2232 0                      
2233 0                      
2234 0                      
2235 0                      
2236 0                      
2237 0                      
2238 0                      
2239 0                      
2240 0                      
2241 0                      
2242 0                      
2243 0                      
2244 0                      
2245 0                      
2246 0                      
2247 0                      
2248 0                      
2249 0                      
2250 0                      
2251 0                      
2252 0                      
2253 0                      
2254 0                      
2255 0                      
2256 0                      
2257 0                      
2258 0                      
2259 0                      
2260 0                      
2261 0                      
2262 0                      
2263 0                      
2264 0                      
2265 0                      
2266 0                      
2267 0                      
2268 0                      
2269 0                      
2270 0                      
2271 0                      
2272 0                      
2273 0                      
2274 0                      
2275 0                      
2276 0                      
2277 0                      
2278 0                      
2279 0                      
2280 0                      
2281 0                      
2282 0                      
2283 0                      
2284 0                      
2285 0                      
2286 0                      
2287 0                      
2288 0                      
2289 0                      
2290 0                      
2291 0                      
2292 0                      
2293 0                      
2294 0                      
2295 0                      
2296 0                      
2297 0                      
2298 0                      
2299 0                      
2300 0                      
2301 0                      
2302 0                      
2303 0                      
2304 0                      
2305 0                      
2306 0                      
2307 0                      
2308 0                      
2309 0                      
2310 0                      
2311 0                      
2312 0                      
2313 0                      
2314 0                      
2315 0                      
2316 0                      
2317 0                      
2318 0                      
2319 0                      
2320 0                      
2321 0                      
2322 0                      
2323 0                      
2324 0                      
2325 0                      
2326 0                      
2327 0                      
2328 0                      
2329 0                      
2330 0                      
2331 0                      
2332 0                      
2333 0                      
2334 0                      
2335 0                      
2336 0                      
2337 0                      
2338 0                      
2339 0                      
2340 0                      
2341 0                      
2342 0                      
2343 0                      
2344 0                      
2345 0                      
2346 0                      
2347 0                      
2348 0                      
2349 0                      
2350 0                      
2351 0                      
2352 0                      
2353 0                      
2354 0                      
2355 0                      
2356 0                      
2357 0                      
2358 0                      
2359 0                      
2360 0                      
2361 0                      
2362 0                      
2363 0                      
2364 0                      
2365 0                      
2366 0                      
2367 0                      
2368 0                      
2369 0                      
2370 0                      
2371 0                      
2372 0                      
2373 0                      
2374 0                      
2375 0                      
2376 0                      
2377 0                      
2378 0                      
2379 0                      
2380 0                      
2381 0                      
2382 0                      
2383 0                      
2384 0                      
2385 0                      
2386 0                      
2387 0                      
2388 0                      
2389 0                      
2390 0                      
2391 0                      
2392 0                      
2393 0                      
2394 0                      
2395 0                      
2396 0                      
2397 0                      
2398 0                      
2399 0                      
