Time Quantity      
0    0             
1    0             
2    0             
3    0             
4    0             
5    0             
6    0             
7    0             
8    0             
9    0             
10   0             
11   0             
12   0             
13   0             
14   0             
15   0             
16   0             
17   0             
18   0             
19   0             
20   0             
21   0             
22   14783         
23   14783         
24   14783         
25   14783         
26   14783         
27   14783         
28   14783         
29   14783         
30   14783         
31   29566         
32   29566         
33   29566         
34   44349         
35   44349         
36   44349         
37   44349         
38   44349         
39   44349         
40   59132         
41   59132         
42   59132         
43   73915         
44   73915         
45   73915         
46   88698         
47   88698         
48   88698         
49   103481        
50   103481        
51   103481        
52   118264        
53   118264        
54   118264        
55   133047        
56   133047        
57   133047        
58   162613        
59   162613        
60   162613        
61   177396        
62   177396        
63   177396        
64   192179        
65   192179        
66   192179        
67   221745        
68   221745        
69   221745        
70   251311        
71   251311        
72   251311        
73   266094        
74   266094        
75   266094        
76   295660        
77   295660        
78   295660        
79   325226        
80   325226        
81   325226        
82   354792        
83   354792        
84   354792        
85   384358        
86   384358        
87   384358        
88   413924        
89   413924        
90   413924        
91   443490        
92   443490        
93   443490        
94   487839        
95   487839        
96   487839        
97   517405        
98   517405        
99   517405        
100  546971        
101  546971        
102  546971        
103  591320        
104  591320        
105  591320        
106  635669        
107  635669        
108  635669        
109  665235        
110  665235        
111  665235        
112  709584        
113  709584        
114  709584        
115  753933        
116  753933        
117  753933        
118  798282        
119  798282        
120  798282        
121  842631        
122  842631        
123  842631        
124  886980        
125  886980        
126  886980        
127  931329        
128  931329        
129  931329        
130  990461        
131  990461        
132  990461        
133  1.03481e+06   
134  1.03481e+06   
135  1.03481e+06   
136  1.079159e+06  
137  1.079159e+06  
138  1.079159e+06  
139  1.138291e+06  
140  1.138291e+06  
141  1.138291e+06  
142  1.212206e+06  
143  1.212206e+06  
144  1.212206e+06  
145  1.256555e+06  
146  1.256555e+06  
147  1.256555e+06  
148  1.315687e+06  
149  1.315687e+06  
150  1.315687e+06  
151  1.389602e+06  
152  1.389602e+06  
153  1.389602e+06  
154  1.448734e+06  
155  1.448734e+06  
156  1.448734e+06  
157  1.507866e+06  
158  1.507866e+06  
159  1.507866e+06  
160  1.581781e+06  
161  1.581781e+06  
162  1.581781e+06  
163  1.640913e+06  
164  1.640913e+06  
165  1.640913e+06  
166  1.714828e+06  
167  1.714828e+06  
168  1.714828e+06  
169  1.788743e+06  
170  1.788743e+06  
171  1.788743e+06  
172  1.847875e+06  
173  1.847875e+06  
174  1.847875e+06  
175  1.92179e+06   
176  1.92179e+06   
177  1.92179e+06   
178  2.010488e+06  
179  2.010488e+06  
180  1.522649e+06  
181  1.581781e+06  
182  1.552215e+06  
183  1.552215e+06  
184  1.62613e+06   
185  1.596564e+06  
186  1.596564e+06  
187  1.685262e+06  
188  1.640913e+06  
189  1.640913e+06  
190  1.759177e+06  
191  1.714828e+06  
192  1.714828e+06  
193  1.788743e+06  
194  1.759177e+06  
195  1.759177e+06  
196  1.847875e+06  
197  1.803526e+06  
198  1.803526e+06  
199  1.92179e+06   
200  1.877441e+06  
201  1.877441e+06  
202  1.995705e+06  
203  1.951356e+06  
204  1.951356e+06  
205  2.040054e+06  
206  1.995705e+06  
207  1.995705e+06  
208  2.113969e+06  
209  2.06962e+06   
210  2.06962e+06   
211  2.187884e+06  
212  2.143535e+06  
213  2.143535e+06  
214  2.291365e+06  
215  2.232233e+06  
216  2.232233e+06  
217  2.350497e+06  
218  2.306148e+06  
219  2.306148e+06  
220  2.424412e+06  
221  2.380063e+06  
222  2.380063e+06  
223  2.527893e+06  
224  2.468761e+06  
225  2.468761e+06  
226  2.646157e+06  
227  2.572242e+06  
228  2.572242e+06  
229  2.690506e+06  
230  2.646157e+06  
231  2.646157e+06  
232  2.793987e+06  
233  2.734855e+06  
234  2.734855e+06  
235  2.912251e+06  
236  2.838336e+06  
237  2.838336e+06  
238  3.015732e+06  
239  2.9566e+06    
240  2.9566e+06    
241  3.10443e+06   
242  3.045298e+06  
243  3.045298e+06  
244  3.222694e+06  
245  3.148779e+06  
246  3.148779e+06  
247  3.326175e+06  
248  3.267043e+06  
249  3.267043e+06  
250  3.459222e+06  
251  3.385307e+06  
252  3.385307e+06  
253  3.562703e+06  
254  3.488788e+06  
255  3.488788e+06  
256  3.666184e+06  
257  3.607052e+06  
258  3.607052e+06  
259  3.799231e+06  
260  3.725316e+06  
261  3.725316e+06  
262  3.961844e+06  
263  3.873146e+06  
264  3.873146e+06  
265  4.050542e+06  
266  3.99141e+06   
267  3.99141e+06   
268  4.183589e+06  
269  4.109674e+06  
270  4.109674e+06  
271  4.346202e+06  
272  4.257504e+06  
273  4.257504e+06  
274  4.479249e+06  
275  4.360985e+06  
276  4.360985e+06  
277  4.553164e+06  
278  4.479249e+06  
279  4.479249e+06  
280  4.715777e+06  
281  4.627079e+06  
282  4.627079e+06  
283  4.848824e+06  
284  4.73056e+06   
285  4.73056e+06   
286  4.996654e+06  
287  4.87839e+06   
288  4.87839e+06   
289  5.114918e+06  
290  5.02622e+06   
291  5.02622e+06   
292  5.247965e+06  
293  5.129701e+06  
294  5.129701e+06  
295  5.395795e+06  
296  5.277531e+06  
297  5.277531e+06  
298  5.558408e+06  
299  5.410578e+06  
300  5.410578e+06  
301  5.632323e+06  
302  5.514059e+06  
303  5.514059e+06  
304  5.780153e+06  
305  5.661889e+06  
306  5.661889e+06  
307  5.942766e+06  
308  5.794936e+06  
309  5.794936e+06  
310  6.075813e+06  
311  5.898417e+06  
312  5.898417e+06  
313  6.164511e+06  
314  6.046247e+06  
315  6.046247e+06  
316  6.327124e+06  
317  6.179294e+06  
318  6.179294e+06  
319  6.460171e+06  
320  6.282775e+06  
321  6.282775e+06  
322  6.608001e+06  
323  6.430605e+06  
324  6.430605e+06  
325  6.711482e+06  
326  6.563652e+06  
327  6.563652e+06  
328  6.844529e+06  
329  6.667133e+06  
330  6.667133e+06  
331  6.992359e+06  
332  6.814963e+06  
333  6.814963e+06  
334  7.154972e+06  
335  6.962793e+06  
336  6.962793e+06  
337  7.24367e+06   
338  7.066274e+06  
339  7.066274e+06  
340  7.3915e+06    
341  7.214104e+06  
342  7.214104e+06  
343  7.554113e+06  
344  7.361934e+06  
345  7.361934e+06  
346  7.68716e+06   
347  7.450632e+06  
348  7.450632e+06  
349  7.775858e+06  
350  7.598462e+06  
351  7.598462e+06  
352  7.938471e+06  
353  7.746292e+06  
354  7.746292e+06  
355  8.071518e+06  
356  7.83499e+06   
357  7.83499e+06   
358  8.219348e+06  
359  7.997603e+06  
360  7.997603e+06  
361  8.337612e+06  
362  8.145433e+06  
363  8.145433e+06  
364  8.470659e+06  
365  8.234131e+06  
366  8.234131e+06  
367  8.618489e+06  
368  8.396744e+06  
369  8.396744e+06  
370  8.795885e+06  
371  8.529791e+06  
372  8.529791e+06  
373  8.855017e+06  
374  8.618489e+06  
375  8.618489e+06  
376  9.002847e+06  
377  8.781102e+06  
378  8.781102e+06  
379  9.180243e+06  
380  8.914149e+06  
381  8.914149e+06  
382  9.298507e+06  
383  9.01763e+06   
384  9.01763e+06   
385  9.401988e+06  
386  9.180243e+06  
387  9.180243e+06  
388  9.579384e+06  
389  9.31329e+06   
390  9.31329e+06   
391  9.697648e+06  
392  9.416771e+06  
393  9.416771e+06  
394  9.845478e+06  
395  9.564601e+06  
396  9.564601e+06  
397  9.963742e+06  
398  9.697648e+06  
399  9.697648e+06  
400  1.0082006e+07 
401  9.801129e+06  
402  9.801129e+06  
403  1.0229836e+07 
404  9.948959e+06  
405  9.948959e+06  
406  1.0422015e+07 
407  1.0096789e+07 
408  1.0096789e+07 
409  1.0481147e+07 
410  1.020027e+07  
411  1.020027e+07  
412  1.0628977e+07 
413  1.03481e+07   
414  1.03481e+07   
415  1.0821156e+07 
416  1.049593e+07  
417  1.049593e+07  
418  1.0924637e+07 
419  1.0584628e+07 
420  1.0584628e+07 
421  1.1013335e+07 
422  1.0732458e+07 
423  1.0732458e+07 
424  1.1205514e+07 
425  1.0880288e+07 
426  1.0880288e+07 
427  1.1308995e+07 
428  1.0968986e+07 
429  1.0968986e+07 
430  1.1456825e+07 
431  1.1131599e+07 
432  1.1131599e+07 
433  1.1604655e+07 
434  1.1279429e+07 
435  1.1279429e+07 
436  1.1708136e+07 
437  1.1368127e+07 
438  1.1368127e+07 
439  1.1855966e+07 
440  1.153074e+07  
441  1.153074e+07  
442  1.2048145e+07 
443  1.1663787e+07 
444  1.1663787e+07 
445  1.2092494e+07 
446  1.1752485e+07 
447  1.1752485e+07 
448  1.2240324e+07 
449  1.1915098e+07 
450  1.1915098e+07 
451  1.2432503e+07 
452  1.2048145e+07 
453  1.2048145e+07 
454  1.2550767e+07 
455  1.2151626e+07 
456  1.2151626e+07 
457  1.2639465e+07 
458  1.2314239e+07 
459  1.2314239e+07 
460  1.2831644e+07 
461  1.2447286e+07 
462  1.2447286e+07 
463  1.2949908e+07 
464  1.2550767e+07 
465  1.2550767e+07 
466  1.3082955e+07 
467  1.2698597e+07 
468  1.2698597e+07 
469  1.3216002e+07 
470  1.2831644e+07 
471  1.2831644e+07 
472  1.3334266e+07 
473  1.2935125e+07 
474  1.2935125e+07 
475  1.3467313e+07 
476  1.3082955e+07 
477  1.3082955e+07 
478  1.3674275e+07 
479  1.3245568e+07 
480  1.3245568e+07 
481  1.374819e+07  
482  1.3349049e+07 
483  1.3349049e+07 
484  1.3881237e+07 
485  1.3496879e+07 
486  1.3496879e+07 
487  1.4088199e+07 
488  1.3659492e+07 
489  1.3659492e+07 
490  1.419168e+07  
491  1.3718624e+07 
492  1.3718624e+07 
493  1.4250812e+07 
494  1.3866454e+07 
495  1.3866454e+07 
496  1.4457774e+07 
497  1.4029067e+07 
498  1.4029067e+07 
499  1.4561255e+07 
500  1.4088199e+07 
501  1.4088199e+07 
502  1.4694302e+07 
503  1.4265595e+07 
504  1.4265595e+07 
505  1.4856915e+07 
506  1.4428208e+07 
507  1.4428208e+07 
508  1.4960396e+07 
509  1.448734e+07  
510  1.448734e+07  
511  1.5093443e+07 
512  1.4664736e+07 
513  1.4664736e+07 
514  1.5300405e+07 
515  1.4812566e+07 
516  1.4812566e+07 
517  1.5344754e+07 
518  1.4871698e+07 
519  1.4871698e+07 
520  1.5477801e+07 
521  1.5049094e+07 
522  1.5049094e+07 
523  1.5684763e+07 
524  1.5196924e+07 
525  1.5196924e+07 
526  1.5788244e+07 
527  1.5270839e+07 
528  1.5270839e+07 
529  1.5876942e+07 
530  1.5448235e+07 
531  1.5448235e+07 
532  1.6083904e+07 
533  1.5596065e+07 
534  1.5596065e+07 
535  1.6187385e+07 
536  1.566998e+07  
537  1.566998e+07  
538  1.6335215e+07 
539  1.5832593e+07 
540  1.5832593e+07 
541  1.6468262e+07 
542  1.5980423e+07 
543  1.5980423e+07 
544  1.6571743e+07 
545  1.6054338e+07 
546  1.6054338e+07 
547  1.6719573e+07 
548  1.6216951e+07 
549  1.6216951e+07 
550  1.6896969e+07 
551  1.6364781e+07 
552  1.6364781e+07 
553  1.6956101e+07 
554  1.6438696e+07 
555  1.6438696e+07 
556  1.7103931e+07 
557  1.6601309e+07 
558  1.6601309e+07 
559  1.7281327e+07 
560  1.6749139e+07 
561  1.6749139e+07 
562  1.7399591e+07 
563  1.6808271e+07 
564  1.6808271e+07 
565  1.7473506e+07 
566  1.6970884e+07 
567  1.6970884e+07 
568  1.7650902e+07 
569  1.7118714e+07 
570  1.7118714e+07 
571  1.7769166e+07 
572  1.7177846e+07 
573  1.7177846e+07 
574  1.7902213e+07 
575  1.7370025e+07 
576  1.7370025e+07 
577  1.8050043e+07 
578  1.7517855e+07 
579  1.7517855e+07 
580  1.8168307e+07 
581  1.7576987e+07 
582  1.7576987e+07 
583  1.8301354e+07 
584  1.7769166e+07 
585  1.7769166e+07 
586  1.8493533e+07 
587  1.788743e+07  
588  1.788743e+07  
589  1.8537882e+07 
590  1.7946562e+07 
591  1.7946562e+07 
592  1.8670929e+07 
593  1.8138741e+07 
594  1.8138741e+07 
595  1.8863108e+07 
596  1.8257005e+07 
597  1.8257005e+07 
598  1.8966589e+07 
599  1.833092e+07  
600  1.833092e+07  
601  1.9055287e+07 
602  1.8523099e+07 
603  1.8523099e+07 
604  1.9247466e+07 
605  1.8641363e+07 
606  1.8641363e+07 
607  1.9350947e+07 
608  1.8715278e+07 
609  1.8715278e+07 
610  1.9498777e+07 
611  1.8907457e+07 
612  1.8907457e+07 
613  1.9631824e+07 
614  1.9025721e+07 
615  1.9025721e+07 
616  1.9735305e+07 
617  1.9099636e+07 
618  1.9099636e+07 
619  1.9883135e+07 
620  1.9291815e+07 
621  1.9291815e+07 
622  2.0060531e+07 
623  1.9395296e+07 
624  1.9395296e+07 
625  2.010488e+07  
626  1.9469211e+07 
627  1.9469211e+07 
628  2.025271e+07  
629  1.966139e+07  
630  1.966139e+07  
631  2.0430106e+07 
632  1.9764871e+07 
633  1.9764871e+07 
634  2.0533587e+07 
635  1.9853569e+07 
636  1.9853569e+07 
637  2.0637068e+07 
638  2.0045748e+07 
639  2.0045748e+07 
640  2.0814464e+07 
641  2.0149229e+07 
642  2.0149229e+07 
643  2.0917945e+07 
644  2.0237927e+07 
645  2.0237927e+07 
646  2.1080558e+07 
647  2.0430106e+07 
648  2.0430106e+07 
649  2.1198822e+07 
650  2.0533587e+07 
651  2.0533587e+07 
652  2.1302303e+07 
653  2.0622285e+07 
654  2.0622285e+07 
655  2.1464916e+07 
656  2.0814464e+07 
657  2.0814464e+07 
658  2.1627529e+07 
659  2.0903162e+07 
660  2.0903162e+07 
661  2.1671878e+07 
662  2.099186e+07  
663  2.099186e+07  
664  2.1834491e+07 
665  2.1184039e+07 
666  2.1184039e+07 
667  2.1997104e+07 
668  2.1272737e+07 
669  2.1272737e+07 
670  2.2056236e+07 
671  2.1331869e+07 
672  2.1331869e+07 
673  2.21745e+07   
674  2.1524048e+07 
675  2.1524048e+07 
676  2.2337113e+07 
677  2.1612746e+07 
678  2.1612746e+07 
679  2.2396245e+07 
680  2.1671878e+07 
681  2.1671878e+07 
682  2.2529292e+07 
683  2.1819708e+07 
684  2.1819708e+07 
685  2.2632773e+07 
686  2.1908406e+07 
687  2.1908406e+07 
688  2.2691905e+07 
689  2.1967538e+07 
690  2.1967538e+07 
691  2.2824952e+07 
692  2.2115368e+07 
693  2.2115368e+07 
694  2.2943216e+07 
695  2.2159717e+07 
696  2.2159717e+07 
697  2.2943216e+07 
698  2.2218849e+07 
699  2.2218849e+07 
700  2.3076263e+07 
701  2.2366679e+07 
702  2.2366679e+07 
703  2.3194527e+07 
704  2.2411028e+07 
705  2.2411028e+07 
706  2.320931e+07  
707  2.2440594e+07 
708  2.2440594e+07 
709  2.3298008e+07 
710  2.2588424e+07 
711  2.2588424e+07 
712  2.3416272e+07 
713  2.2632773e+07 
714  2.2632773e+07 
715  2.3431055e+07 
716  2.2662339e+07 
717  2.2662339e+07 
718  2.3534536e+07 
719  2.276582e+07  
720  2.276582e+07  
721  2.3593668e+07 
722  2.2810169e+07 
723  2.2810169e+07 
724  2.3608451e+07 
725  2.2839735e+07 
726  2.2839735e+07 
727  2.3711932e+07 
728  2.2943216e+07 
729  2.2943216e+07 
730  2.3785847e+07 
731  2.2943216e+07 
732  2.2943216e+07 
733  2.3741498e+07 
734  2.2972782e+07 
735  2.2972782e+07 
736  2.3844979e+07 
737  2.3076263e+07 
738  2.3076263e+07 
739  2.3918894e+07 
740  2.3076263e+07 
741  2.3076263e+07 
742  2.3889328e+07 
743  2.3076263e+07 
744  2.3076263e+07 
745  2.394846e+07  
746  2.3179744e+07 
747  2.3179744e+07 
748  2.4022375e+07 
749  2.3179744e+07 
750  2.3179744e+07 
751  2.3992809e+07 
752  2.3179744e+07 
753  2.3179744e+07 
754  2.4066724e+07 
755  2.3283225e+07 
756  2.3283225e+07 
757  2.4125856e+07 
758  2.3283225e+07 
759  2.3283225e+07 
760  2.409629e+07  
761  2.3283225e+07 
762  2.3283225e+07 
763  2.4170205e+07 
764  2.3386706e+07 
765  2.3386706e+07 
766  2.424412e+07  
767  2.3386706e+07 
768  2.3386706e+07 
769  2.4199771e+07 
770  2.3386706e+07 
771  2.3386706e+07 
772  2.4273686e+07 
773  2.3490187e+07 
774  2.3490187e+07 
775  2.4347601e+07 
776  2.3490187e+07 
777  2.3490187e+07 
778  2.4318035e+07 
779  2.3490187e+07 
780  2.3490187e+07 
781  2.4377167e+07 
782  2.3593668e+07 
783  2.3593668e+07 
784  2.4451082e+07 
785  2.3593668e+07 
786  2.3593668e+07 
787  2.4421516e+07 
788  2.3593668e+07 
789  2.3593668e+07 
790  2.4480648e+07 
791  2.3682366e+07 
792  2.3682366e+07 
793  2.453978e+07  
794  2.3682366e+07 
795  2.3682366e+07 
796  2.4510214e+07 
797  2.3682366e+07 
798  2.3682366e+07 
799  2.4569346e+07 
800  2.3771064e+07 
801  2.3771064e+07 
802  2.4628478e+07 
803  2.3756281e+07 
804  2.3756281e+07 
805  2.4584129e+07 
806  2.3756281e+07 
807  2.3756281e+07 
808  2.4643261e+07 
809  2.3844979e+07 
810  2.3844979e+07 
811  2.4702393e+07 
812  2.3830196e+07 
813  2.3830196e+07 
814  2.4658044e+07 
815  2.3815413e+07 
816  2.3815413e+07 
817  2.4702393e+07 
818  2.3904111e+07 
819  2.3904111e+07 
820  2.4761525e+07 
821  2.3889328e+07 
822  2.3889328e+07 
823  2.4717176e+07 
824  2.3874545e+07 
825  2.3874545e+07 
826  2.4761525e+07 
827  2.394846e+07  
828  2.394846e+07  
829  2.4805874e+07 
830  2.3933677e+07 
831  2.3933677e+07 
832  2.4761525e+07 
833  2.3918894e+07 
834  2.3918894e+07 
835  2.4805874e+07 
836  2.3992809e+07 
837  2.3992809e+07 
838  2.4850223e+07 
839  2.3963243e+07 
840  2.3963243e+07 
841  2.4791091e+07 
842  2.394846e+07  
843  2.394846e+07  
844  2.483544e+07  
845  2.4022375e+07 
846  2.4022375e+07 
847  2.4879789e+07 
848  2.3992809e+07 
849  2.3992809e+07 
850  2.4820657e+07 
851  2.3963243e+07 
852  2.3963243e+07 
853  2.4850223e+07 
854  2.4037158e+07 
855  2.4037158e+07 
856  2.4894572e+07 
857  2.4007592e+07 
858  2.4007592e+07 
859  2.483544e+07  
860  2.3978026e+07 
861  2.3978026e+07 
862  2.4865006e+07 
863  2.4037158e+07 
864  2.4037158e+07 
865  2.4894572e+07 
866  2.4007592e+07 
867  2.4007592e+07 
868  2.483544e+07  
869  2.3978026e+07 
870  2.3978026e+07 
871  2.4865006e+07 
872  2.4037158e+07 
873  2.4037158e+07 
874  2.4894572e+07 
875  2.4007592e+07 
876  2.4007592e+07 
877  2.483544e+07  
878  2.3978026e+07 
879  2.3978026e+07 
880  2.4865006e+07 
881  2.4037158e+07 
882  2.4037158e+07 
883  2.4894572e+07 
884  2.4007592e+07 
885  2.4007592e+07 
886  2.483544e+07  
887  2.3978026e+07 
888  2.3978026e+07 
889  2.4865006e+07 
890  2.4037158e+07 
891  2.4037158e+07 
892  2.4894572e+07 
893  2.4007592e+07 
894  2.4007592e+07 
895  2.483544e+07  
896  2.3978026e+07 
897  2.3978026e+07 
898  2.4865006e+07 
899  2.4037158e+07 
900  2.4037158e+07 
901  2.4894572e+07 
902  2.4007592e+07 
903  2.4007592e+07 
904  2.483544e+07  
905  2.3978026e+07 
906  2.3978026e+07 
907  2.4865006e+07 
908  2.4037158e+07 
909  2.4037158e+07 
910  2.4894572e+07 
911  2.4007592e+07 
912  2.4007592e+07 
913  2.483544e+07  
914  2.3978026e+07 
915  2.3978026e+07 
916  2.4865006e+07 
917  2.4037158e+07 
918  2.4037158e+07 
919  2.4894572e+07 
920  2.4007592e+07 
921  2.4007592e+07 
922  2.483544e+07  
923  2.3978026e+07 
924  2.3978026e+07 
925  2.4865006e+07 
926  2.4037158e+07 
927  2.4037158e+07 
928  2.4894572e+07 
929  2.4007592e+07 
930  2.4007592e+07 
931  2.483544e+07  
932  2.3978026e+07 
933  2.3978026e+07 
934  2.4865006e+07 
935  2.4037158e+07 
936  2.4037158e+07 
937  2.4894572e+07 
938  2.4007592e+07 
939  2.4007592e+07 
940  2.483544e+07  
941  2.3978026e+07 
942  2.3978026e+07 
943  2.4865006e+07 
944  2.4037158e+07 
945  2.4037158e+07 
946  2.4894572e+07 
947  2.4007592e+07 
948  2.4007592e+07 
949  2.483544e+07  
950  2.3978026e+07 
951  2.3978026e+07 
952  2.4865006e+07 
953  2.4037158e+07 
954  2.4037158e+07 
955  2.4894572e+07 
956  2.4007592e+07 
957  2.4007592e+07 
958  2.483544e+07  
959  2.3978026e+07 
960  2.3978026e+07 
961  2.4865006e+07 
962  2.4037158e+07 
963  2.4037158e+07 
964  2.4894572e+07 
965  2.4007592e+07 
966  2.4007592e+07 
967  2.483544e+07  
968  2.3978026e+07 
969  2.3978026e+07 
970  2.4865006e+07 
971  2.4037158e+07 
972  2.4125856e+07 
973  2.498327e+07  
974  2.409629e+07  
975  2.409629e+07  
976  2.4909355e+07 
977  2.4051941e+07 
978  2.4051941e+07 
979  2.4938921e+07 
980  2.4111073e+07 
981  2.4111073e+07 
982  2.4968487e+07 
983  2.4081507e+07 
984  2.4170205e+07 
985  2.498327e+07  
986  2.4125856e+07 
987  2.4125856e+07 
988  2.4998053e+07 
989  2.4170205e+07 
990  2.4170205e+07 
991  2.5027619e+07 
992  2.4140639e+07 
993  2.4140639e+07 
994  2.4953704e+07 
995  2.409629e+07  
996  2.4184988e+07 
997  2.5057185e+07 
998  2.4229337e+07 
999  2.4229337e+07 
1000 2.5071968e+07 
1001 2.4184988e+07 
1002 2.4184988e+07 
1003 2.4998053e+07 
1004 2.4140639e+07 
1005 2.4140639e+07 
1006 2.5012836e+07 
1007 2.4184988e+07 
1008 2.4273686e+07 
1009 2.5116317e+07 
1010 2.4229337e+07 
1011 2.4229337e+07 
1012 2.5027619e+07 
1013 2.4170205e+07 
1014 2.4170205e+07 
1015 2.5042402e+07 
1016 2.4214554e+07 
1017 2.4214554e+07 
1018 2.5057185e+07 
1019 2.4170205e+07 
1020 2.4258903e+07 
1021 2.5057185e+07 
1022 2.4199771e+07 
1023 2.4199771e+07 
1024 2.5057185e+07 
1025 2.4229337e+07 
1026 2.4229337e+07 
1027 2.5071968e+07 
1028 2.4184988e+07 
1029 2.4184988e+07 
1030 2.498327e+07  
1031 2.4125856e+07 
1032 2.4214554e+07 
1033 2.5071968e+07 
1034 2.424412e+07  
1035 2.424412e+07  
1036 2.5071968e+07 
1037 2.4184988e+07 
1038 2.4184988e+07 
1039 2.498327e+07  
1040 2.4125856e+07 
1041 2.4125856e+07 
1042 2.498327e+07  
1043 2.4155422e+07 
1044 2.424412e+07  
1045 2.5071968e+07 
1046 2.4184988e+07 
1047 2.4184988e+07 
1048 2.4968487e+07 
1049 2.4111073e+07 
1050 2.4111073e+07 
1051 2.4968487e+07 
1052 2.4140639e+07 
1053 2.4140639e+07 
1054 2.4968487e+07 
1055 2.4081507e+07 
1056 2.4170205e+07 
1057 2.4865006e+07 
1058 2.4007592e+07 
1059 2.4007592e+07 
1060 2.4850223e+07 
1061 2.4037158e+07 
1062 2.4037158e+07 
1063 2.4865006e+07 
1064 2.3978026e+07 
1065 2.3978026e+07 
1066 2.4761525e+07 
1067 2.3904111e+07 
1068 2.3992809e+07 
1069 2.4746742e+07 
1070 2.3933677e+07 
1071 2.3933677e+07 
1072 2.4746742e+07 
1073 2.3874545e+07 
1074 2.3874545e+07 
1075 2.4658044e+07 
1076 2.380063e+07  
1077 2.380063e+07  
1078 2.4643261e+07 
1079 2.3830196e+07 
1080 2.3918894e+07 
1081 2.4643261e+07 
1082 2.3771064e+07 
1083 2.3771064e+07 
1084 2.453978e+07  
1085 2.3697149e+07 
1086 2.3697149e+07 
1087 2.453978e+07  
1088 2.3726715e+07 
1089 2.3726715e+07 
1090 2.453978e+07  
1091 2.3667583e+07 
1092 2.3844979e+07 
1093 2.4524997e+07 
1094 2.3682366e+07 
1095 2.3682366e+07 
1096 2.4495431e+07 
1097 2.3697149e+07 
1098 2.3697149e+07 
1099 2.4510214e+07 
1100 2.3638017e+07 
1101 2.3638017e+07 
1102 2.4406733e+07 
1103 2.3564102e+07 
1104 2.36528e+07   
1105 2.4377167e+07 
1106 2.3578885e+07 
1107 2.3578885e+07 
1108 2.4377167e+07 
1109 2.3519753e+07 
1110 2.3519753e+07 
1111 2.4288469e+07 
1112 2.3445838e+07 
1113 2.3445838e+07 
1114 2.4258903e+07 
1115 2.3460621e+07 
1116 2.3549319e+07 
1117 2.4258903e+07 
1118 2.3401489e+07 
1119 2.3401489e+07 
1120 2.4155422e+07 
1121 2.3327574e+07 
1122 2.3327574e+07 
1123 2.4140639e+07 
1124 2.3342357e+07 
1125 2.3342357e+07 
1126 2.4140639e+07 
1127 2.3283225e+07 
1128 2.3371923e+07 
1129 2.4037158e+07 
1130 2.320931e+07  
1131 2.320931e+07  
1132 2.4007592e+07 
1133 2.3224093e+07 
1134 2.3224093e+07 
1135 2.4022375e+07 
1136 2.3164961e+07 
1137 2.3164961e+07 
1138 2.3918894e+07 
1139 2.3091046e+07 
1140 2.3445838e+07 
1141 2.4155422e+07 
1142 2.3371923e+07 
1143 2.3371923e+07 
1144 2.4111073e+07 
1145 2.3268442e+07 
1146 2.3268442e+07 
1147 2.4022375e+07 
1148 2.3194527e+07 
1149 2.3194527e+07 
1150 2.3992809e+07 
1151 2.320931e+07  
1152 2.3475404e+07 
1153 2.4125856e+07 
1154 2.3283225e+07 
1155 2.3283225e+07 
1156 2.3992809e+07 
1157 2.3179744e+07 
1158 2.3179744e+07 
1159 2.3978026e+07 
1160 2.3194527e+07 
1161 2.3194527e+07 
1162 2.3933677e+07 
1163 2.3091046e+07 
1164 2.3445838e+07 
1165 2.4066724e+07 
1166 2.3253659e+07 
1167 2.3253659e+07 
1168 2.3992809e+07 
1169 2.3224093e+07 
1170 2.3224093e+07 
1171 2.3963243e+07 
1172 2.3120612e+07 
1173 2.3120612e+07 
1174 2.3830196e+07 
1175 2.3017131e+07 
1176 2.3371923e+07 
1177 2.3933677e+07 
1178 2.3164961e+07 
1179 2.3164961e+07 
1180 2.3844979e+07 
1181 2.3031914e+07 
1182 2.3031914e+07 
1183 2.3741498e+07 
1184 2.2928433e+07 
1185 2.2928433e+07 
1186 2.3667583e+07 
1187 2.2898867e+07 
1188 2.3253659e+07 
1189 2.3844979e+07 
1190 2.3031914e+07 
1191 2.3031914e+07 
1192 2.3682366e+07 
1193 2.2884084e+07 
1194 2.2884084e+07 
1195 2.3623234e+07 
1196 2.2854518e+07 
1197 2.2854518e+07 
1198 2.3534536e+07 
1199 2.2721471e+07 
1200 2.2987565e+07 
1201 2.3549319e+07 
1202 2.2751037e+07 
1203 2.2751037e+07 
1204 2.3445838e+07 
1205 2.2691905e+07 
1206 2.2691905e+07 
1207 2.3371923e+07 
1208 2.2558858e+07 
1209 2.2558858e+07 
1210 2.320931e+07  
1211 2.2411028e+07 
1212 2.276582e+07  
1213 2.3371923e+07 
1214 2.261799e+07  
1215 2.261799e+07  
1216 2.3238876e+07 
1217 2.2440594e+07 
1218 2.2440594e+07 
1219 2.3091046e+07 
1220 2.2292764e+07 
1221 2.2292764e+07 
1222 2.2987565e+07 
1223 2.2233632e+07 
1224 2.2499726e+07 
1225 2.276582e+07  
1226 2.1967538e+07 
1227 2.1967538e+07 
1228 2.2573641e+07 
1229 2.1834491e+07 
1230 2.1834491e+07 
1231 2.2529292e+07 
1232 2.1775359e+07 
1233 2.1775359e+07 
1234 2.2396245e+07 
1235 2.1597963e+07 
1236 2.2041453e+07 
1237 2.2381462e+07 
1238 2.1642312e+07 
1239 2.1642312e+07 
1240 2.2263198e+07 
1241 2.1553614e+07 
1242 2.1553614e+07 
1243 2.21745e+07   
1244 2.1376218e+07 
1245 2.1376218e+07 
1246 2.1982321e+07 
1247 2.1243171e+07 
1248 2.1509265e+07 
1249 2.1775359e+07 
1250 2.1065775e+07 
1251 2.1065775e+07 
1252 2.1642312e+07 
1253 2.0903162e+07 
1254 2.0903162e+07 
1255 2.1509265e+07 
1256 2.0770115e+07 
1257 2.0770115e+07 
1258 2.1391001e+07 
1259 2.0681417e+07 
1260 2.1036209e+07 
1261 2.1257954e+07 
1262 2.0518804e+07 
1263 2.0518804e+07 
1264 2.1065775e+07 
1265 2.0385757e+07 
1266 2.0385757e+07 
1267 2.1006643e+07 
1268 2.0297059e+07 
1269 2.0297059e+07 
1270 2.0873596e+07 
1271 2.0134446e+07 
1272 2.0489238e+07 
1273 2.0681417e+07 
1274 2.0001399e+07 
1275 2.0001399e+07 
1276 2.0563153e+07 
1277 1.9912701e+07 
1278 1.9912701e+07 
1279 2.0489238e+07 
1280 1.9750088e+07 
1281 1.9750088e+07 
1282 2.0297059e+07 
1283 1.9617041e+07 
1284 1.9971833e+07 
1285 2.0267493e+07 
1286 1.9617041e+07 
1287 1.9617041e+07 
1288 2.0134446e+07 
1289 1.9439645e+07 
1290 1.9439645e+07 
1291 1.9986616e+07 
1292 1.9306598e+07 
1293 1.9306598e+07 
1294 1.9868352e+07 
1295 1.92179e+07   
1296 1.9483994e+07 
1297 1.9646607e+07 
1298 1.8951806e+07 
1299 1.8951806e+07 
1300 1.9454428e+07 
1301 1.8833542e+07 
1302 1.8833542e+07 
1303 1.9395296e+07 
1304 1.8744844e+07 
1305 1.8744844e+07 
1306 1.9262249e+07 
1307 1.8567448e+07 
1308 1.892224e+07  
1309 1.9158768e+07 
1310 1.8537882e+07 
1311 1.8537882e+07 
1312 1.9040504e+07 
1313 1.8434401e+07 
1314 1.8434401e+07 
1315 1.8951806e+07 
1316 1.8257005e+07 
1317 1.8257005e+07 
1318 1.8759627e+07 
1319 1.8138741e+07 
1320 1.8493533e+07 
1321 1.8552665e+07 
1322 1.7946562e+07 
1323 1.7946562e+07 
1324 1.8404835e+07 
1325 1.7783949e+07 
1326 1.7783949e+07 
1327 1.8286571e+07 
1328 1.7665685e+07 
1329 1.7665685e+07 
1330 1.8168307e+07 
1331 1.7562204e+07 
1332 1.7916996e+07 
1333 1.8109175e+07 
1334 1.7488289e+07 
1335 1.7488289e+07 
1336 1.7931779e+07 
1337 1.7355242e+07 
1338 1.7355242e+07 
1339 1.7857864e+07 
1340 1.7251761e+07 
1341 1.7251761e+07 
1342 1.7710034e+07 
1343 1.7089148e+07 
1344 1.7355242e+07 
1345 1.744394e+07  
1346 1.6867403e+07 
1347 1.6867403e+07 
1348 1.7325676e+07 
1349 1.6778705e+07 
1350 1.6778705e+07 
1351 1.7236978e+07 
1352 1.6616092e+07 
1353 1.6616092e+07 
1354 1.7059582e+07 
1355 1.6483045e+07 
1356 1.6926535e+07 
1357 1.7030016e+07 
1358 1.6483045e+07 
1359 1.6483045e+07 
1360 1.6867403e+07 
1361 1.6305649e+07 
1362 1.6305649e+07 
1363 1.6749139e+07 
1364 1.6172602e+07 
1365 1.6172602e+07 
1366 1.6630875e+07 
1367 1.6083904e+07 
1368 1.6349998e+07 
1369 1.6379564e+07 
1370 1.581781e+07  
1371 1.581781e+07  
1372 1.6216951e+07 
1373 1.5699546e+07 
1374 1.5699546e+07 
1375 1.6157819e+07 
1376 1.5610848e+07 
1377 1.5610848e+07 
1378 1.5995206e+07 
1379 1.5433452e+07 
1380 1.5788244e+07 
1381 1.5921291e+07 
1382 1.5403886e+07 
1383 1.5403886e+07 
1384 1.5803027e+07 
1385 1.5300405e+07 
1386 1.5300405e+07 
1387 1.5684763e+07 
1388 1.5123009e+07 
1389 1.5123009e+07 
1390 1.552215e+07  
1391 1.5004745e+07 
1392 1.5270839e+07 
1393 1.5315188e+07 
1394 1.4812566e+07 
1395 1.4812566e+07 
1396 1.5152575e+07 
1397 1.4649953e+07 
1398 1.4649953e+07 
1399 1.5049094e+07 
1400 1.4531689e+07 
1401 1.4531689e+07 
1402 1.493083e+07  
1403 1.4428208e+07 
1404 1.4871698e+07 
1405 1.4856915e+07 
1406 1.4354293e+07 
1407 1.4354293e+07 
1408 1.4679519e+07 
1409 1.4221246e+07 
1410 1.4221246e+07 
1411 1.4620387e+07 
1412 1.4117765e+07 
1413 1.4117765e+07 
1414 1.4457774e+07 
1415 1.3955152e+07 
1416 1.4221246e+07 
1417 1.419168e+07  
1418 1.3733407e+07 
1419 1.3733407e+07 
1420 1.4088199e+07 
1421 1.3644709e+07 
1422 1.3644709e+07 
1423 1.3984718e+07 
1424 1.3482096e+07 
1425 1.3482096e+07 
1426 1.3807322e+07 
1427 1.3349049e+07 
1428 1.3792539e+07 
1429 1.3881237e+07 
1430 1.3437747e+07 
1431 1.3437747e+07 
1432 1.3703841e+07 
1433 1.3245568e+07 
1434 1.3245568e+07 
1435 1.3570794e+07 
1436 1.3112521e+07 
1437 1.3112521e+07 
1438 1.3467313e+07 
1439 1.3023823e+07 
1440 1.3201219e+07 
1441 1.3023823e+07 
1442 1.256555e+07  
1443 1.256555e+07  
1444 1.286121e+07  
1445 1.2476852e+07 
1446 1.2476852e+07 
1447 1.2831644e+07 
1448 1.2388154e+07 
1449 1.2388154e+07 
1450 1.2654248e+07 
1451 1.2195975e+07 
1452 1.2639465e+07 
1453 1.2669031e+07 
1454 1.2284673e+07 
1455 1.2284673e+07 
1456 1.256555e+07  
1457 1.2166409e+07 
1458 1.2166409e+07 
1459 1.2432503e+07 
1460 1.197423e+07  
1461 1.197423e+07  
1462 1.226989e+07  
1463 1.1885532e+07 
1464 1.2151626e+07 
1465 1.2077711e+07 
1466 1.167857e+07  
1467 1.167857e+07  
1468 1.1900315e+07 
1469 1.1501174e+07 
1470 1.1501174e+07 
1471 1.1796834e+07 
1472 1.1412476e+07 
1473 1.1412476e+07 
1474 1.1693353e+07 
1475 1.1294212e+07 
1476 1.1649004e+07 
1477 1.1604655e+07 
1478 1.1205514e+07 
1479 1.1205514e+07 
1480 1.1442042e+07 
1481 1.1102033e+07 
1482 1.1102033e+07 
1483 1.138291e+07  
1484 1.0983769e+07 
1485 1.0983769e+07 
1486 1.1205514e+07 
1487 1.0806373e+07 
1488 1.1161165e+07 
1489 1.0954203e+07 
1490 1.0614194e+07 
1491 1.0614194e+07 
1492 1.0835939e+07 
1493 1.0510713e+07 
1494 1.0510713e+07 
1495 1.0732458e+07 
1496 1.0333317e+07 
1497 1.0333317e+07 
1498 1.0569845e+07 
1499 1.0229836e+07 
1500 1.049593e+07  
1501 1.0451581e+07 
1502 1.0126355e+07 
1503 1.0126355e+07 
1504 1.0303751e+07 
1505 9.948959e+06  
1506 9.948959e+06  
1507 1.0185487e+07 
1508 9.845478e+06  
1509 9.845478e+06  
1510 1.0067223e+07 
1511 9.741997e+06  
1512 1.0096789e+07 
1513 9.830695e+06  
1514 9.475903e+06  
1515 9.475903e+06  
1516 9.653299e+06  
1517 9.387205e+06  
1518 9.387205e+06  
1519 9.60895e+06   
1520 9.283724e+06  
1521 9.283724e+06  
1522 9.46112e+06   
1523 9.106328e+06  
1524 9.46112e+06   
1525 9.46112e+06   
1526 9.195026e+06  
1527 9.195026e+06  
1528 9.357639e+06  
1529 9.061979e+06  
1530 9.061979e+06  
1531 9.239375e+06  
1532 8.884583e+06  
1533 8.884583e+06  
1534 9.061979e+06  
1535 8.795885e+06  
1536 9.061979e+06  
1537 8.781102e+06  
1538 8.485442e+06  
1539 8.485442e+06  
1540 8.618489e+06  
1541 8.337612e+06  
1542 8.337612e+06  
1543 8.515008e+06  
1544 8.248914e+06  
1545 8.248914e+06  
1546 8.411527e+06  
1547 8.115867e+06  
1548 8.470659e+06  
1549 8.337612e+06  
1550 8.056735e+06  
1551 8.056735e+06  
1552 8.174999e+06  
1553 7.953254e+06  
1554 7.953254e+06  
1555 8.115867e+06  
1556 7.820207e+06  
1557 7.820207e+06  
1558 7.953254e+06  
1559 7.672377e+06  
1560 8.027169e+06  
1561 7.790641e+06  
1562 7.568896e+06  
1563 7.568896e+06  
1564 7.672377e+06  
1565 7.435849e+06  
1566 7.435849e+06  
1567 7.568896e+06  
1568 7.288019e+06  
1569 7.288019e+06  
1570 7.406283e+06  
1571 7.184538e+06  
1572 7.450632e+06  
1573 7.199321e+06  
1574 6.962793e+06  
1575 6.962793e+06  
1576 7.051491e+06  
1577 6.829746e+06  
1578 6.829746e+06  
1579 6.94801e+06   
1580 6.726265e+06  
1581 6.726265e+06  
1582 6.829746e+06  
1583 6.593218e+06  
1584 6.94801e+06   
1585 6.770614e+06  
1586 6.548869e+06  
1587 6.548869e+06  
1588 6.608001e+06  
1589 6.430605e+06  
1590 6.430605e+06  
1591 6.534086e+06  
1592 6.297558e+06  
1593 6.297558e+06  
1594 6.386256e+06  
1595 6.164511e+06  
1596 6.519303e+06  
1597 6.223643e+06  
1598 6.046247e+06  
1599 6.046247e+06  
1600 6.090596e+06  
1601 5.9132e+06    
1602 5.9132e+06    
1603 6.001898e+06  
1604 5.780153e+06  
1605 5.780153e+06  
1606 5.839285e+06  
1607 5.661889e+06  
1608 5.927983e+06  
1609 5.61754e+06   
1610 5.440144e+06  
1611 5.440144e+06  
1612 5.484493e+06  
1613 5.32188e+06   
1614 5.32188e+06   
1615 5.381012e+06  
1616 5.203616e+06  
1617 5.203616e+06  
1618 5.247965e+06  
1619 5.070569e+06  
1620 5.159267e+06  
1621 4.937522e+06  
1622 4.774909e+06  
1623 4.774909e+06  
1624 4.819258e+06  
1625 4.686211e+06  
1626 4.686211e+06  
1627 4.73056e+06   
1628 4.553164e+06  
1629 4.553164e+06  
1630 4.597513e+06  
1631 4.4349e+06    
1632 4.523598e+06  
1633 4.213155e+06  
1634 4.080108e+06  
1635 4.080108e+06  
1636 4.109674e+06  
1637 3.99141e+06   
1638 3.99141e+06   
1639 4.035759e+06  
1640 3.873146e+06  
1641 3.873146e+06  
1642 3.917495e+06  
1643 3.784448e+06  
1644 3.873146e+06  
1645 3.54792e+06   
1646 3.429656e+06  
1647 3.429656e+06  
1648 3.459222e+06  
1649 3.355741e+06  
1650 3.355741e+06  
1651 3.40009e+06   
1652 3.267043e+06  
1653 3.267043e+06  
1654 3.296609e+06  
1655 3.178345e+06  
1656 3.267043e+06  
1657 3.030515e+06  
1658 2.927034e+06  
1659 2.927034e+06  
1660 2.9566e+06    
1661 2.867902e+06  
1662 2.867902e+06  
1663 2.897468e+06  
1664 2.779204e+06  
1665 2.779204e+06  
1666 2.80877e+06   
1667 2.705289e+06  
1668 2.793987e+06  
1669 2.468761e+06  
1670 2.380063e+06  
1671 2.380063e+06  
1672 2.394846e+06  
1673 2.335714e+06  
1674 2.335714e+06  
1675 2.36528e+06   
1676 2.261799e+06  
1677 2.261799e+06  
1678 2.291365e+06  
1679 2.202667e+06  
1680 2.291365e+06  
1681 1.951356e+06  
1682 1.892224e+06  
1683 1.892224e+06  
1684 1.907007e+06  
1685 1.862658e+06  
1686 1.862658e+06  
1687 1.892224e+06  
1688 1.803526e+06  
1689 1.803526e+06  
1690 1.818309e+06  
1691 1.759177e+06  
1692 1.847875e+06  
1693 1.596564e+06  
1694 1.552215e+06  
1695 1.552215e+06  
1696 1.566998e+06  
1697 1.522649e+06  
1698 1.522649e+06  
1699 1.537432e+06  
1700 1.4783e+06    
1701 1.4783e+06    
1702 1.493083e+06  
1703 1.448734e+06  
1704 1.537432e+06  
1705 1.463517e+06  
1706 1.419168e+06  
1707 1.419168e+06  
1708 1.419168e+06  
1709 1.374819e+06  
1710 1.374819e+06  
1711 1.389602e+06  
1712 1.345253e+06  
1713 1.345253e+06  
1714 1.360036e+06  
1715 1.315687e+06  
1716 1.404385e+06  
1717 1.315687e+06  
1718 1.271338e+06  
1719 1.271338e+06  
1720 1.271338e+06  
1721 1.241772e+06  
1722 1.241772e+06  
1723 1.256555e+06  
1724 1.212206e+06  
1725 1.212206e+06  
1726 1.212206e+06  
1727 1.167857e+06  
1728 1.256555e+06  
1729 1.167857e+06  
1730 1.138291e+06  
1731 1.138291e+06  
1732 1.138291e+06  
1733 1.108725e+06  
1734 1.108725e+06  
1735 1.108725e+06  
1736 1.064376e+06  
1737 1.064376e+06  
1738 1.064376e+06  
1739 1.03481e+06   
1740 1.03481e+06   
1741 946112        
1742 916546        
1743 916546        
1744 916546        
1745 886980        
1746 886980        
1747 886980        
1748 857414        
1749 857414        
1750 857414        
1751 827848        
1752 827848        
1753 739150        
1754 709584        
1755 709584        
1756 709584        
1757 694801        
1758 694801        
1759 694801        
1760 665235        
1761 665235        
1762 665235        
1763 635669        
1764 635669        
1765 546971        
1766 532188        
1767 532188        
1768 532188        
1769 517405        
1770 517405        
1771 517405        
1772 487839        
1773 487839        
1774 487839        
1775 473056        
1776 473056        
1777 384358        
1778 369575        
1779 369575        
1780 369575        
1781 354792        
1782 354792        
1783 354792        
1784 340009        
1785 340009        
1786 340009        
1787 325226        
1788 325226        
1789 236528        
1790 221745        
1791 221745        
1792 221745        
1793 221745        
1794 221745        
1795 221745        
1796 206962        
1797 206962        
1798 206962        
1799 192179        
1800 192179        
1801 103481        
1802 103481        
1803 103481        
1804 103481        
1805 103481        
1806 103481        
1807 103481        
1808 88698         
1809 88698         
1810 88698         
1811 88698         
1812 88698         
1813 0             
1814 0             
1815 0             
1816 0             
1817 0             
1818 0             
1819 0             
1820 0             
1821 0             
1822 0             
1823 0             
1824 0             
1825 0             
1826 0             
1827 0             
1828 0             
1829 0             
1830 0             
1831 0             
1832 0             
1833 0             
1834 0             
1835 0             
1836 0             
1837 0             
1838 0             
1839 0             
1840 0             
1841 0             
1842 0             
1843 0             
1844 0             
1845 0             
1846 0             
1847 0             
1848 0             
1849 0             
1850 0             
1851 0             
1852 0             
1853 0             
1854 0             
1855 0             
1856 0             
1857 0             
1858 0             
1859 0             
1860 0             
1861 0             
1862 0             
1863 0             
1864 0             
1865 0             
1866 0             
1867 0             
1868 0             
1869 0             
1870 0             
1871 0             
1872 0             
1873 0             
1874 0             
1875 0             
1876 0             
1877 0             
1878 0             
1879 0             
1880 0             
1881 0             
1882 0             
1883 0             
1884 0             
1885 0             
1886 0             
1887 0             
1888 0             
1889 0             
1890 0             
1891 0             
1892 0             
1893 0             
1894 0             
1895 0             
1896 0             
1897 0             
1898 0             
1899 0             
1900 0             
1901 0             
1902 0             
1903 0             
1904 0             
1905 0             
1906 0             
1907 0             
1908 0             
1909 0             
1910 0             
1911 0             
1912 0             
1913 0             
1914 0             
1915 0             
1916 0             
1917 0             
1918 0             
1919 0             
1920 0             
1921 0             
1922 0             
1923 0             
1924 0             
1925 0             
1926 0             
1927 0             
1928 0             
1929 0             
1930 0             
1931 0             
1932 0             
1933 0             
1934 0             
1935 0             
1936 0             
1937 0             
1938 0             
1939 0             
1940 0             
1941 0             
1942 0             
1943 0             
1944 0             
1945 0             
1946 0             
1947 0             
1948 0             
1949 0             
1950 0             
1951 0             
1952 0             
1953 0             
1954 0             
1955 0             
1956 0             
1957 0             
1958 0             
1959 0             
1960 0             
1961 0             
1962 0             
1963 0             
1964 0             
1965 0             
1966 0             
1967 0             
1968 0             
1969 0             
1970 0             
1971 0             
1972 0             
1973 0             
1974 0             
1975 0             
1976 0             
1977 0             
1978 0             
1979 0             
1980 0             
1981 0             
1982 0             
1983 0             
1984 0             
1985 0             
1986 0             
1987 0             
1988 0             
1989 0             
1990 0             
1991 0             
1992 0             
1993 0             
1994 0             
1995 0             
1996 0             
1997 0             
1998 0             
1999 0             
2000 0             
2001 0             
2002 0             
2003 0             
2004 0             
2005 0             
2006 0             
2007 0             
2008 0             
2009 0             
2010 0             
2011 0             
2012 0             
2013 0             
2014 0             
2015 0             
2016 0             
2017 0             
2018 0             
2019 0             
2020 0             
2021 0             
2022 0             
2023 0             
2024 0             
2025 0             
2026 0             
2027 0             
2028 0             
2029 0             
2030 0             
2031 0             
2032 0             
2033 0             
2034 0             
2035 0             
2036 0             
2037 0             
2038 0             
2039 0             
2040 0             
2041 0             
2042 0             
2043 0             
2044 0             
2045 0             
2046 0             
2047 0             
2048 0             
2049 0             
2050 0             
2051 0             
2052 0             
2053 0             
2054 0             
2055 0             
2056 0             
2057 0             
2058 0             
2059 0             
2060 0             
2061 0             
2062 0             
2063 0             
2064 0             
2065 0             
2066 0             
2067 0             
2068 0             
2069 0             
2070 0             
2071 0             
2072 0             
2073 0             
2074 0             
2075 0             
2076 0             
2077 0             
2078 0             
2079 0             
2080 0             
2081 0             
2082 0             
2083 0             
2084 0             
2085 0             
2086 0             
2087 0             
2088 0             
2089 0             
2090 0             
2091 0             
2092 0             
2093 0             
2094 0             
2095 0             
2096 0             
2097 0             
2098 0             
2099 0             
2100 0             
2101 0             
2102 0             
2103 0             
2104 0             
2105 0             
2106 0             
2107 0             
2108 0             
2109 0             
2110 0             
2111 0             
2112 0             
2113 0             
2114 0             
2115 0             
2116 0             
2117 0             
2118 0             
2119 0             
2120 0             
2121 0             
2122 0             
2123 0             
2124 0             
2125 0             
2126 0             
2127 0             
2128 0             
2129 0             
2130 0             
2131 0             
2132 0             
2133 0             
2134 0             
2135 0             
2136 0             
2137 0             
2138 0             
2139 0             
2140 0             
2141 0             
2142 0             
2143 0             
2144 0             
2145 0             
2146 0             
2147 0             
2148 0             
2149 0             
2150 0             
2151 0             
2152 0             
2153 0             
2154 0             
2155 0             
2156 0             
2157 0             
2158 0             
2159 0             
2160 0             
2161 0             
2162 0             
2163 0             
2164 0             
2165 0             
2166 0             
2167 0             
2168 0             
2169 0             
2170 0             
2171 0             
2172 0             
2173 0             
2174 0             
2175 0             
2176 0             
2177 0             
2178 0             
2179 0             
2180 0             
2181 0             
2182 0             
2183 0             
2184 0             
2185 0             
2186 0             
2187 0             
2188 0             
2189 0             
2190 0             
2191 0             
2192 0             
2193 0             
2194 0             
2195 0             
2196 0             
2197 0             
2198 0             
2199 0             
2200 0             
2201 0             
2202 0             
2203 0             
2204 0             
2205 0             
2206 0             
2207 0             
2208 0             
2209 0             
2210 0             
2211 0             
2212 0             
2213 0             
2214 0             
2215 0             
2216 0             
2217 0             
2218 0             
2219 0             
2220 0             
2221 0             
2222 0             
2223 0             
2224 0             
2225 0             
2226 0             
2227 0             
2228 0             
2229 0             
2230 0             
2231 0             
2232 0             
2233 0             
2234 0             
2235 0             
2236 0             
2237 0             
2238 0             
2239 0             
2240 0             
2241 0             
2242 0             
2243 0             
2244 0             
2245 0             
2246 0             
2247 0             
2248 0             
2249 0             
2250 0             
2251 0             
2252 0             
2253 0             
2254 0             
2255 0             
2256 0             
2257 0             
2258 0             
2259 0             
2260 0             
2261 0             
2262 0             
2263 0             
2264 0             
2265 0             
2266 0             
2267 0             
2268 0             
2269 0             
2270 0             
2271 0             
2272 0             
2273 0             
2274 0             
2275 0             
2276 0             
2277 0             
2278 0             
2279 0             
2280 0             
2281 0             
2282 0             
2283 0             
2284 0             
2285 0             
2286 0             
2287 0             
2288 0             
2289 0             
2290 0             
2291 0             
2292 0             
2293 0             
2294 0             
2295 0             
2296 0             
2297 0             
2298 0             
2299 0             
2300 0             
2301 0             
2302 0             
2303 0             
2304 0             
2305 0             
2306 0             
2307 0             
2308 0             
2309 0             
2310 0             
2311 0             
2312 0             
2313 0             
2314 0             
2315 0             
2316 0             
2317 0             
2318 0             
2319 0             
2320 0             
2321 0             
2322 0             
2323 0             
2324 0             
2325 0             
2326 0             
2327 0             
2328 0             
2329 0             
2330 0             
2331 0             
2332 0             
2333 0             
2334 0             
2335 0             
2336 0             
2337 0             
2338 0             
2339 0             
2340 0             
2341 0             
2342 0             
2343 0             
2344 0             
2345 0             
2346 0             
2347 0             
2348 0             
2349 0             
2350 0             
2351 0             
2352 0             
2353 0             
2354 0             
2355 0             
2356 0             
2357 0             
2358 0             
2359 0             
2360 0             
2361 0             
2362 0             
2363 0             
2364 0             
2365 0             
2366 0             
2367 0             
2368 0             
2369 0             
2370 0             
2371 0             
2372 0             
2373 0             
2374 0             
2375 0             
2376 0             
2377 0             
2378 0             
2379 0             
2380 0             
2381 0             
2382 0             
2383 0             
2384 0             
2385 0             
2386 0             
2387 0             
2388 0             
2389 0             
2390 0             
2391 0             
2392 0             
2393 0             
2394 0             
2395 0             
2396 0             
2397 0             
2398 0             
2399 0             
