Time Quantity           
0    0                  
1    0                  
2    0                  
3    0                  
4    0                  
5    0                  
6    0                  
7    0                  
8    0                  
9    0                  
10   0                  
11   0                  
12   0                  
13   0                  
14   0                  
15   0                  
16   0                  
17   0                  
18   0                  
19   0                  
20   0                  
21   0                  
22   0                  
23   0                  
24   0                  
25   0                  
26   0                  
27   0                  
28   0                  
29   0                  
30   0                  
31   0                  
32   0                  
33   0                  
34   0                  
35   0                  
36   0                  
37   0                  
38   0                  
39   0                  
40   0                  
41   0                  
42   0                  
43   0                  
44   0                  
45   0                  
46   0                  
47   0                  
48   0                  
49   0                  
50   0                  
51   0                  
52   0                  
53   0                  
54   0                  
55   0                  
56   0                  
57   0                  
58   0                  
59   0                  
60   0                  
61   0                  
62   0                  
63   0                  
64   0                  
65   0                  
66   0                  
67   0                  
68   0                  
69   0                  
70   0                  
71   0                  
72   0                  
73   88698              
74   0                  
75   0                  
76   0                  
77   0                  
78   0                  
79   0                  
80   0                  
81   0                  
82   14783.000000000002 
83   0                  
84   0                  
85   88698              
86   0                  
87   0                  
88   0                  
89   0                  
90   0                  
91   14783.000000000002 
92   0                  
93   0                  
94   14783.000000000002 
95   0                  
96   0                  
97   88698              
98   0                  
99   0                  
100  14783.000000000002 
101  0                  
102  0                  
103  14783.000000000002 
104  0                  
105  0                  
106  14783.000000000002 
107  0                  
108  0                  
109  103481             
110  0                  
111  0                  
112  14783.000000000002 
113  0                  
114  0                  
115  14783.000000000002 
116  0                  
117  0                  
118  29566.000000000004 
119  0                  
120  0                  
121  103481             
122  0                  
123  0                  
124  14783.000000000002 
125  0                  
126  0                  
127  29566.000000000004 
128  0                  
129  0                  
130  29566.000000000004 
131  0                  
132  0                  
133  103481             
134  0                  
135  0                  
136  29566.000000000004 
137  0                  
138  0                  
139  29566.000000000004 
140  0                  
141  0                  
142  29566.000000000004 
143  0                  
144  0                  
145  118264             
146  0                  
147  0                  
148  29566.000000000004 
149  0                  
150  0                  
151  29566.000000000004 
152  0                  
153  0                  
154  44349              
155  0                  
156  0                  
157  118264             
158  0                  
159  0                  
160  29566.000000000004 
161  0                  
162  0                  
163  44349              
164  0                  
165  0                  
166  44349              
167  0                  
168  0                  
169  118264             
170  0                  
171  0                  
172  44349              
173  0                  
174  0                  
175  44349              
176  0                  
177  0                  
178  44349              
179  0                  
180  0                  
181  133047             
182  0                  
183  0                  
184  44349              
185  0                  
186  0                  
187  44349              
188  0                  
189  0                  
190  59132              
191  0                  
192  0                  
193  221745             
194  0                  
195  0                  
196  44349              
197  0                  
198  0                  
199  59132              
200  0                  
201  0                  
202  73915              
203  0                  
204  0                  
205  133047             
206  0                  
207  0                  
208  59132              
209  0                  
210  0                  
211  73915              
212  0                  
213  0                  
214  59132              
215  0                  
216  0                  
217  147830             
218  0                  
219  0                  
220  73915              
221  0                  
222  0                  
223  59132              
224  0                  
225  0                  
226  73915              
227  0                  
228  0                  
229  162613             
230  0                  
231  0                  
232  59132              
233  0                  
234  0                  
235  73915              
236  0                  
237  0                  
238  88698              
239  0                  
240  0                  
241  413924             
242  0                  
243  0                  
244  73915              
245  0                  
246  0                  
247  88698              
248  0                  
249  0                  
250  118264             
251  0                  
252  0                  
253  340009             
254  0                  
255  0                  
256  88698              
257  0                  
258  0                  
259  118264             
260  0                  
261  0                  
262  118264             
263  0                  
264  0                  
265  443490             
266  0                  
267  0                  
268  118264             
269  0                  
270  0                  
271  118264             
272  0                  
273  0                  
274  147830             
275  0                  
276  0                  
277  473056             
278  0                  
279  0                  
280  118264             
281  0                  
282  0                  
283  147830             
284  0                  
285  0                  
286  177396             
287  0                  
288  0                  
289  473056             
290  0                  
291  0                  
292  147830             
293  0                  
294  0                  
295  177396             
296  0                  
297  0                  
298  177396             
299  0                  
300  0                  
301  413924             
302  0                  
303  0                  
304  177396             
305  0                  
306  0                  
307  177396             
308  0                  
309  0                  
310  192179             
311  0                  
312  0                  
313  532188             
314  0                  
315  0                  
316  177396             
317  0                  
318  0                  
319  192179             
320  0                  
321  0                  
322  236528             
323  0                  
324  0                  
325  443490             
326  0                  
327  0                  
328  192179             
329  0                  
330  0                  
331  236528             
332  0                  
333  0                  
334  221745             
335  0                  
336  0                  
337  635669             
338  0                  
339  0                  
340  236528             
341  0                  
342  0                  
343  221745             
344  0                  
345  0                  
346  266094             
347  0                  
348  0                  
349  502622             
350  0                  
351  0                  
352  221745             
353  0                  
354  0                  
355  266094             
356  0                  
357  0                  
358  280877             
359  0                  
360  0                  
361  576537             
362  0                  
363  0                  
364  266094             
365  0                  
366  0                  
367  280877             
368  0                  
369  0                  
370  280877             
371  0                  
372  0                  
373  620886             
374  0                  
375  0                  
376  280877             
377  0                  
378  0                  
379  280877             
380  0                  
381  0                  
382  325226             
383  0                  
384  0                  
385  635669             
386  0                  
387  0                  
388  280877             
389  0                  
390  0                  
391  325226             
392  0                  
393  0                  
394  340009             
395  0                  
396  0                  
397  546971             
398  0                  
399  0                  
400  325226             
401  0                  
402  0                  
403  340009             
404  0                  
405  0                  
406  325226             
407  0                  
408  0                  
409  680018             
410  0                  
411  0                  
412  340009             
413  0                  
414  0                  
415  325226             
416  0                  
417  0                  
418  384358             
419  0                  
420  0                  
421  694801             
422  0                  
423  0                  
424  325226             
425  0                  
426  0                  
427  384358             
428  0                  
429  0                  
430  399141             
431  0                  
432  0                  
433  680018             
434  0                  
435  0                  
436  384358             
437  0                  
438  0                  
439  399141             
440  0                  
441  0                  
442  384358             
443  0                  
444  0                  
445  650452             
446  0                  
447  0                  
448  399141             
449  0                  
450  0                  
451  384358             
452  0                  
453  0                  
454  428707             
455  0                  
456  0                  
457  842631             
458  0                  
459  0                  
460  384358             
461  0                  
462  0                  
463  428707             
464  0                  
465  0                  
466  473056             
467  0                  
468  0                  
469  650452             
470  0                  
471  0                  
472  428707             
473  0                  
474  0                  
475  473056             
476  0                  
477  0                  
478  428707             
479  0                  
480  0                  
481  783499             
482  0                  
483  0                  
484  473056             
485  0                  
486  0                  
487  428707             
488  0                  
489  0                  
490  487839             
491  0                  
492  0                  
493  739150             
494  0                  
495  0                  
496  428707             
497  0                  
498  0                  
499  487839             
500  0                  
501  0                  
502  517405             
503  0                  
504  0                  
505  872197             
506  0                  
507  0                  
508  487839             
509  0                  
510  0                  
511  517405             
512  0                  
513  0                  
514  502622             
515  0                  
516  0                  
517  753933             
518  0                  
519  0                  
520  517405             
521  0                  
522  0                  
523  502622             
524  0                  
525  0                  
526  532188             
527  0                  
528  0                  
529  960895             
530  0                  
531  0                  
532  502622             
533  0                  
534  0                  
535  532188             
536  0                  
537  0                  
538  591320             
539  0                  
540  0                  
541  680018             
542  0                  
543  0                  
544  532188             
545  0                  
546  0                  
547  591320             
548  0                  
549  0                  
550  532188             
551  0                  
552  0                  
553  975678             
554  0                  
555  0                  
556  591320             
557  0                  
558  0                  
559  532188             
560  0                  
561  0                  
562  606103             
563  0                  
564  0                  
565  857414             
566  0                  
567  0                  
568  532188             
569  0                  
570  0                  
571  606103             
572  0                  
573  0                  
574  635669             
575  0                  
576  0                  
577  886980             
578  0                  
579  0                  
580  606103             
581  0                  
582  0                  
583  635669             
584  0                  
585  0                  
586  591320             
587  0                  
588  0                  
589  960895             
590  0                  
591  0                  
592  635669             
593  0                  
594  0                  
595  591320             
596  0                  
597  0                  
598  665235             
599  0                  
600  0                  
601  901763             
602  0                  
603  0                  
604  591320             
605  0                  
606  0                  
607  665235             
608  0                  
609  0                  
610  680018             
611  0                  
612  0                  
613  946112             
614  0                  
615  0                  
616  665235             
617  0                  
618  0                  
619  680018             
620  0                  
621  0                  
622  650452             
623  0                  
624  0                  
625  1.020027e+06       
626  0                  
627  0                  
628  680018             
629  0                  
630  0                  
631  650452             
632  0                  
633  0                  
634  724367             
635  0                  
636  0                  
637  946112             
638  0                  
639  0                  
640  650452             
641  0                  
642  0                  
643  724367             
644  0                  
645  0                  
646  724367             
647  0                  
648  0                  
649  1.005244e+06       
650  0                  
651  0                  
652  724367             
653  0                  
654  0                  
655  724367             
656  0                  
657  0                  
658  709584             
659  0                  
660  0                  
661  1.079159e+06       
662  0                  
663  0                  
664  724367             
665  0                  
666  0                  
667  709584             
668  0                  
669  0                  
670  783499             
671  0                  
672  0                  
673  990461             
674  0                  
675  0                  
676  709584             
677  0                  
678  0                  
679  783499             
680  0                  
681  0                  
682  768716             
683  0                  
684  0                  
685  1.064376e+06       
686  0                  
687  0                  
688  783499             
689  0                  
690  0                  
691  768716             
692  0                  
693  0                  
694  768716             
695  0                  
696  0                  
697  1.138291e+06       
698  0                  
699  0                  
700  768716             
701  0                  
702  0                  
703  768716             
704  0                  
705  0                  
706  842631             
707  0                  
708  0                  
709  1.03481e+06        
710  0                  
711  0                  
712  768716             
713  0                  
714  0                  
715  842631             
716  0                  
717  0                  
718  813065             
719  0                  
720  0                  
721  857414             
722  0                  
723  0                  
724  842631             
725  0                  
726  0                  
727  813065             
728  0                  
729  0                  
730  783499             
731  0                  
732  0                  
733  931329             
734  0                  
735  0                  
736  813065             
737  0                  
738  0                  
739  783499             
740  0                  
741  0                  
742  857414             
743  0                  
744  0                  
745  901763             
746  0                  
747  0                  
748  783499             
749  0                  
750  0                  
751  857414             
752  0                  
753  0                  
754  827848             
755  0                  
756  0                  
757  872197             
758  0                  
759  0                  
760  857414             
761  0                  
762  0                  
763  827848             
764  0                  
765  0                  
766  798282             
767  0                  
768  0                  
769  946112             
770  0                  
771  0                  
772  827848             
773  0                  
774  0                  
775  798282             
776  0                  
777  0                  
778  872197             
779  0                  
780  0                  
781  916546             
782  0                  
783  0                  
784  798282             
785  0                  
786  0                  
787  872197             
788  0                  
789  0                  
790  842631             
791  0                  
792  0                  
793  886980             
794  0                  
795  0                  
796  872197             
797  0                  
798  0                  
799  842631             
800  0                  
801  0                  
802  813065             
803  0                  
804  0                  
805  960895             
806  0                  
807  0                  
808  842631             
809  0                  
810  0                  
811  813065             
812  0                  
813  0                  
814  886980             
815  0                  
816  0                  
817  931329             
818  0                  
819  0                  
820  813065             
821  0                  
822  0                  
823  886980             
824  0                  
825  0                  
826  857414             
827  0                  
828  0                  
829  901763             
830  0                  
831  0                  
832  886980             
833  0                  
834  0                  
835  857414             
836  0                  
837  0                  
838  827848             
839  0                  
840  0                  
841  886980             
842  0                  
843  0                  
844  857414             
845  0                  
846  0                  
847  827848             
848  0                  
849  0                  
850  886980             
851  0                  
852  0                  
853  857414             
854  0                  
855  0                  
856  827848             
857  0                  
858  0                  
859  886980             
860  0                  
861  0                  
862  857414             
863  0                  
864  0                  
865  827848             
866  0                  
867  0                  
868  886980             
869  0                  
870  0                  
871  857414             
872  0                  
873  0                  
874  827848             
875  0                  
876  0                  
877  886980             
878  0                  
879  0                  
880  857414             
881  0                  
882  0                  
883  827848             
884  0                  
885  0                  
886  886980             
887  0                  
888  0                  
889  857414             
890  0                  
891  0                  
892  827848             
893  0                  
894  0                  
895  886980             
896  0                  
897  0                  
898  857414             
899  0                  
900  0                  
901  827848             
902  0                  
903  0                  
904  886980             
905  0                  
906  0                  
907  857414             
908  0                  
909  0                  
910  827848             
911  0                  
912  0                  
913  886980             
914  0                  
915  0                  
916  857414             
917  0                  
918  0                  
919  827848             
920  0                  
921  0                  
922  886980             
923  0                  
924  0                  
925  857414             
926  0                  
927  0                  
928  827848             
929  0                  
930  0                  
931  886980             
932  0                  
933  0                  
934  857414             
935  0                  
936  0                  
937  827848             
938  0                  
939  0                  
940  886980             
941  0                  
942  0                  
943  857414             
944  0                  
945  0                  
946  827848             
947  0                  
948  0                  
949  886980             
950  0                  
951  0                  
952  857414             
953  0                  
954  0                  
955  827848             
956  0                  
957  0                  
958  886980             
959  0                  
960  0                  
961  857414             
962  0                  
963  0                  
964  827848             
965  0                  
966  0                  
967  886980             
968  0                  
969  0                  
970  857414             
971  0                  
972  0                  
973  827848             
974  0                  
975  0                  
976  886980             
977  0                  
978  0                  
979  857414             
980  0                  
981  0                  
982  827848             
983  0                  
984  0                  
985  886980             
986  0                  
987  0                  
988  857414             
989  0                  
990  0                  
991  827848             
992  0                  
993  0                  
994  886980             
995  0                  
996  0                  
997  857414             
998  0                  
999  0                  
1000 827848             
1001 0                  
1002 0                  
1003 886980             
1004 0                  
1005 0                  
1006 857414             
1007 0                  
1008 0                  
1009 827848             
1010 0                  
1011 0                  
1012 886980             
1013 0                  
1014 0                  
1015 857414             
1016 0                  
1017 0                  
1018 827848             
1019 0                  
1020 0                  
1021 886980             
1022 0                  
1023 0                  
1024 857414             
1025 0                  
1026 0                  
1027 827848             
1028 0                  
1029 0                  
1030 886980             
1031 0                  
1032 0                  
1033 857414             
1034 0                  
1035 0                  
1036 813065             
1037 0                  
1038 0                  
1039 886980             
1040 0                  
1041 0                  
1042 857414             
1043 0                  
1044 0                  
1045 813065             
1046 0                  
1047 0                  
1048 872197             
1049 0                  
1050 0                  
1051 857414             
1052 0                  
1053 0                  
1054 813065             
1055 0                  
1056 0                  
1057 872197             
1058 0                  
1059 0                  
1060 842631             
1061 0                  
1062 0                  
1063 813065             
1064 0                  
1065 0                  
1066 872197             
1067 0                  
1068 0                  
1069 842631             
1070 0                  
1071 0                  
1072 798282             
1073 0                  
1074 0                  
1075 872197             
1076 0                  
1077 0                  
1078 842631             
1079 0                  
1080 0                  
1081 798282             
1082 0                  
1083 0                  
1084 857414             
1085 0                  
1086 0                  
1087 842631             
1088 0                  
1089 0                  
1090 798282             
1091 0                  
1092 0                  
1093 857414             
1094 0                  
1095 0                  
1096 827848             
1097 0                  
1098 0                  
1099 798282             
1100 0                  
1101 0                  
1102 857414             
1103 0                  
1104 0                  
1105 827848             
1106 0                  
1107 0                  
1108 783499             
1109 0                  
1110 0                  
1111 857414             
1112 0                  
1113 0                  
1114 827848             
1115 0                  
1116 0                  
1117 783499             
1118 0                  
1119 0                  
1120 842631             
1121 0                  
1122 0                  
1123 827848             
1124 0                  
1125 0                  
1126 783499             
1127 0                  
1128 0                  
1129 842631             
1130 0                  
1131 0                  
1132 813065             
1133 0                  
1134 0                  
1135 783499             
1136 0                  
1137 0                  
1138 842631             
1139 0                  
1140 0                  
1141 813065             
1142 0                  
1143 0                  
1144 768716             
1145 0                  
1146 0                  
1147 842631             
1148 0                  
1149 0                  
1150 813065             
1151 0                  
1152 0                  
1153 768716             
1154 0                  
1155 0                  
1156 813065             
1157 0                  
1158 0                  
1159 813065             
1160 0                  
1161 0                  
1162 768716             
1163 0                  
1164 0                  
1165 813065             
1166 0                  
1167 0                  
1168 798282             
1169 0                  
1170 0                  
1171 768716             
1172 0                  
1173 0                  
1174 813065             
1175 0                  
1176 0                  
1177 798282             
1178 0                  
1179 0                  
1180 753933             
1181 0                  
1182 0                  
1183 813065             
1184 0                  
1185 0                  
1186 798282             
1187 0                  
1188 0                  
1189 753933             
1190 0                  
1191 0                  
1192 798282             
1193 0                  
1194 0                  
1195 798282             
1196 0                  
1197 0                  
1198 753933             
1199 0                  
1200 0                  
1201 798282             
1202 0                  
1203 0                  
1204 739150             
1205 0                  
1206 0                  
1207 753933             
1208 0                  
1209 0                  
1210 798282             
1211 0                  
1212 0                  
1213 739150             
1214 0                  
1215 0                  
1216 709584             
1217 0                  
1218 0                  
1219 798282             
1220 0                  
1221 0                  
1222 739150             
1223 0                  
1224 0                  
1225 709584             
1226 0                  
1227 0                  
1228 739150             
1229 0                  
1230 0                  
1231 739150             
1232 0                  
1233 0                  
1234 709584             
1235 0                  
1236 0                  
1237 739150             
1238 0                  
1239 0                  
1240 680018             
1241 0                  
1242 0                  
1243 709584             
1244 0                  
1245 0                  
1246 739150             
1247 0                  
1248 0                  
1249 680018             
1250 0                  
1251 0                  
1252 650452             
1253 0                  
1254 0                  
1255 739150             
1256 0                  
1257 0                  
1258 680018             
1259 0                  
1260 0                  
1261 650452             
1262 0                  
1263 0                  
1264 694801             
1265 0                  
1266 0                  
1267 680018             
1268 0                  
1269 0                  
1270 650452             
1271 0                  
1272 0                  
1273 694801             
1274 0                  
1275 0                  
1276 620886             
1277 0                  
1278 0                  
1279 650452             
1280 0                  
1281 0                  
1282 694801             
1283 0                  
1284 0                  
1285 620886             
1286 0                  
1287 0                  
1288 606103             
1289 0                  
1290 0                  
1291 694801             
1292 0                  
1293 0                  
1294 620886             
1295 0                  
1296 0                  
1297 606103             
1298 0                  
1299 0                  
1300 620886             
1301 0                  
1302 0                  
1303 620886             
1304 0                  
1305 0                  
1306 606103             
1307 0                  
1308 0                  
1309 620886             
1310 0                  
1311 0                  
1312 576537             
1313 0                  
1314 0                  
1315 606103             
1316 0                  
1317 0                  
1318 620886             
1319 0                  
1320 0                  
1321 576537             
1322 0                  
1323 0                  
1324 546971             
1325 0                  
1326 0                  
1327 620886             
1328 0                  
1329 0                  
1330 576537             
1331 0                  
1332 0                  
1333 546971             
1334 0                  
1335 0                  
1336 561754             
1337 0                  
1338 0                  
1339 576537             
1340 0                  
1341 0                  
1342 546971             
1343 0                  
1344 0                  
1345 561754             
1346 0                  
1347 0                  
1348 517405             
1349 0                  
1350 0                  
1351 546971             
1352 0                  
1353 0                  
1354 561754             
1355 0                  
1356 0                  
1357 517405             
1358 0                  
1359 0                  
1360 502622             
1361 0                  
1362 0                  
1363 561754             
1364 0                  
1365 0                  
1366 517405             
1367 0                  
1368 0                  
1369 502622             
1370 0                  
1371 0                  
1372 502622             
1373 0                  
1374 0                  
1375 517405             
1376 0                  
1377 0                  
1378 502622             
1379 0                  
1380 0                  
1381 502622             
1382 0                  
1383 0                  
1384 458273             
1385 0                  
1386 0                  
1387 502622             
1388 0                  
1389 0                  
1390 502622             
1391 0                  
1392 0                  
1393 458273             
1394 0                  
1395 0                  
1396 443490             
1397 0                  
1398 0                  
1399 502622             
1400 0                  
1401 0                  
1402 458273             
1403 0                  
1404 0                  
1405 443490             
1406 0                  
1407 0                  
1408 458273             
1409 0                  
1410 0                  
1411 458273             
1412 0                  
1413 0                  
1414 443490             
1415 0                  
1416 0                  
1417 458273             
1418 0                  
1419 0                  
1420 384358             
1421 0                  
1422 0                  
1423 443490             
1424 0                  
1425 0                  
1426 458273             
1427 0                  
1428 0                  
1429 384358             
1430 0                  
1431 0                  
1432 399141             
1433 0                  
1434 0                  
1435 458273             
1436 0                  
1437 0                  
1438 384358             
1439 0                  
1440 0                  
1441 399141             
1442 0                  
1443 0                  
1444 399141             
1445 0                  
1446 0                  
1447 384358             
1448 0                  
1449 0                  
1450 399141             
1451 0                  
1452 0                  
1453 399141             
1454 0                  
1455 0                  
1456 340009             
1457 0                  
1458 0                  
1459 399141             
1460 0                  
1461 0                  
1462 399141             
1463 0                  
1464 0                  
1465 340009             
1466 0                  
1467 0                  
1468 325226             
1469 0                  
1470 0                  
1471 399141             
1472 0                  
1473 0                  
1474 340009             
1475 0                  
1476 0                  
1477 325226             
1478 0                  
1479 0                  
1480 354792             
1481 0                  
1482 0                  
1483 340009             
1484 0                  
1485 0                  
1486 325226             
1487 0                  
1488 0                  
1489 354792             
1490 0                  
1491 0                  
1492 266094             
1493 0                  
1494 0                  
1495 325226             
1496 0                  
1497 0                  
1498 354792             
1499 0                  
1500 0                  
1501 266094             
1502 0                  
1503 0                  
1504 295660             
1505 0                  
1506 0                  
1507 354792             
1508 0                  
1509 0                  
1510 266094             
1511 0                  
1512 0                  
1513 295660             
1514 0                  
1515 0                  
1516 280877             
1517 0                  
1518 0                  
1519 266094             
1520 0                  
1521 0                  
1522 295660             
1523 0                  
1524 0                  
1525 280877             
1526 0                  
1527 0                  
1528 221745             
1529 0                  
1530 0                  
1531 295660             
1532 0                  
1533 0                  
1534 280877             
1535 0                  
1536 0                  
1537 221745             
1538 0                  
1539 0                  
1540 236528             
1541 0                  
1542 0                  
1543 280877             
1544 0                  
1545 0                  
1546 221745             
1547 0                  
1548 0                  
1549 236528             
1550 0                  
1551 0                  
1552 221745             
1553 0                  
1554 0                  
1555 221745             
1556 0                  
1557 0                  
1558 236528             
1559 0                  
1560 0                  
1561 221745             
1562 0                  
1563 0                  
1564 177396             
1565 0                  
1566 0                  
1567 236528             
1568 0                  
1569 0                  
1570 221745             
1571 0                  
1572 0                  
1573 177396             
1574 0                  
1575 0                  
1576 177396             
1577 0                  
1578 0                  
1579 221745             
1580 0                  
1581 0                  
1582 177396             
1583 0                  
1584 0                  
1585 177396             
1586 0                  
1587 0                  
1588 162613             
1589 0                  
1590 0                  
1591 177396             
1592 0                  
1593 0                  
1594 177396             
1595 0                  
1596 0                  
1597 162613             
1598 0                  
1599 0                  
1600 133047             
1601 0                  
1602 0                  
1603 177396             
1604 0                  
1605 0                  
1606 162613             
1607 0                  
1608 0                  
1609 133047             
1610 0                  
1611 0                  
1612 118264             
1613 0                  
1614 0                  
1615 162613             
1616 0                  
1617 0                  
1618 133047             
1619 0                  
1620 0                  
1621 118264             
1622 0                  
1623 0                  
1624 103481             
1625 0                  
1626 0                  
1627 133047             
1628 0                  
1629 0                  
1630 118264             
1631 0                  
1632 0                  
1633 103481             
1634 0                  
1635 0                  
1636 88698              
1637 0                  
1638 0                  
1639 118264             
1640 0                  
1641 0                  
1642 103481             
1643 0                  
1644 0                  
1645 88698              
1646 0                  
1647 0                  
1648 59132              
1649 0                  
1650 0                  
1651 103481             
1652 0                  
1653 0                  
1654 88698              
1655 0                  
1656 0                  
1657 59132              
1658 0                  
1659 0                  
1660 44349              
1661 0                  
1662 0                  
1663 88698              
1664 0                  
1665 0                  
1666 59132              
1667 0                  
1668 0                  
1669 44349              
1670 0                  
1671 0                  
1672 44349              
1673 0                  
1674 0                  
1675 59132              
1676 0                  
1677 0                  
1678 44349              
1679 0                  
1680 0                  
1681 44349              
1682 0                  
1683 0                  
1684 44349              
1685 0                  
1686 0                  
1687 44349              
1688 0                  
1689 0                  
1690 44349              
1691 0                  
1692 0                  
1693 44349              
1694 0                  
1695 0                  
1696 29566.000000000004 
1697 0                  
1698 0                  
1699 44349              
1700 0                  
1701 0                  
1702 44349              
1703 0                  
1704 0                  
1705 29566.000000000004 
1706 0                  
1707 0                  
1708 29566.000000000004 
1709 0                  
1710 0                  
1711 44349              
1712 0                  
1713 0                  
1714 29566.000000000004 
1715 0                  
1716 0                  
1717 29566.000000000004 
1718 0                  
1719 0                  
1720 29566.000000000004 
1721 0                  
1722 0                  
1723 29566.000000000004 
1724 0                  
1725 0                  
1726 29566.000000000004 
1727 0                  
1728 0                  
1729 29566.000000000004 
1730 0                  
1731 0                  
1732 14783.000000000002 
1733 0                  
1734 0                  
1735 29566.000000000004 
1736 0                  
1737 0                  
1738 29566.000000000004 
1739 0                  
1740 0                  
1741 14783.000000000002 
1742 0                  
1743 0                  
1744 14783.000000000002 
1745 0                  
1746 0                  
1747 29566.000000000004 
1748 0                  
1749 0                  
1750 14783.000000000002 
1751 0                  
1752 0                  
1753 14783.000000000002 
1754 0                  
1755 0                  
1756 14783.000000000002 
1757 0                  
1758 0                  
1759 14783.000000000002 
1760 0                  
1761 0                  
1762 14783.000000000002 
1763 0                  
1764 0                  
1765 14783.000000000002 
1766 0                  
1767 0                  
1768 0                  
1769 0                  
1770 0                  
1771 14783.000000000002 
1772 0                  
1773 0                  
1774 14783.000000000002 
1775 0                  
1776 0                  
1777 0                  
1778 0                  
1779 0                  
1780 0                  
1781 0                  
1782 0                  
1783 14783.000000000002 
1784 0                  
1785 0                  
1786 0                  
1787 0                  
1788 0                  
1789 0                  
1790 0                  
1791 0                  
1792 0                  
1793 0                  
1794 0                  
1795 0                  
1796 0                  
1797 0                  
1798 0                  
1799 0                  
1800 0                  
1801 0                  
1802 0                  
1803 0                  
1804 0                  
1805 0                  
1806 0                  
1807 0                  
1808 0                  
1809 0                  
1810 0                  
1811 0                  
1812 0                  
1813 0                  
1814 0                  
1815 0                  
1816 0                  
1817 0                  
1818 0                  
1819 0                  
1820 0                  
1821 0                  
1822 0                  
1823 0                  
1824 0                  
1825 0                  
1826 0                  
1827 0                  
1828 0                  
1829 0                  
1830 0                  
1831 0                  
1832 0                  
1833 0                  
1834 0                  
1835 0                  
1836 0                  
1837 0                  
1838 0                  
1839 0                  
1840 0                  
1841 0                  
1842 0                  
1843 0                  
1844 0                  
1845 0                  
1846 0                  
1847 0                  
1848 0                  
1849 0                  
1850 0                  
1851 0                  
1852 0                  
1853 0                  
1854 0                  
1855 0                  
1856 0                  
1857 0                  
1858 0                  
1859 0                  
1860 0                  
1861 0                  
1862 0                  
1863 0                  
1864 0                  
1865 0                  
1866 0                  
1867 0                  
1868 0                  
1869 0                  
1870 0                  
1871 0                  
1872 0                  
1873 0                  
1874 0                  
1875 0                  
1876 0                  
1877 0                  
1878 0                  
1879 0                  
1880 0                  
1881 0                  
1882 0                  
1883 0                  
1884 0                  
1885 0                  
1886 0                  
1887 0                  
1888 0                  
1889 0                  
1890 0                  
1891 0                  
1892 0                  
1893 0                  
1894 0                  
1895 0                  
1896 0                  
1897 0                  
1898 0                  
1899 0                  
1900 0                  
1901 0                  
1902 0                  
1903 0                  
1904 0                  
1905 0                  
1906 0                  
1907 0                  
1908 0                  
1909 0                  
1910 0                  
1911 0                  
1912 0                  
1913 0                  
1914 0                  
1915 0                  
1916 0                  
1917 0                  
1918 0                  
1919 0                  
1920 0                  
1921 0                  
1922 0                  
1923 0                  
1924 0                  
1925 0                  
1926 0                  
1927 0                  
1928 0                  
1929 0                  
1930 0                  
1931 0                  
1932 0                  
1933 0                  
1934 0                  
1935 0                  
1936 0                  
1937 0                  
1938 0                  
1939 0                  
1940 0                  
1941 0                  
1942 0                  
1943 0                  
1944 0                  
1945 0                  
1946 0                  
1947 0                  
1948 0                  
1949 0                  
1950 0                  
1951 0                  
1952 0                  
1953 0                  
1954 0                  
1955 0                  
1956 0                  
1957 0                  
1958 0                  
1959 0                  
1960 0                  
1961 0                  
1962 0                  
1963 0                  
1964 0                  
1965 0                  
1966 0                  
1967 0                  
1968 0                  
1969 0                  
1970 0                  
1971 0                  
1972 0                  
1973 0                  
1974 0                  
1975 0                  
1976 0                  
1977 0                  
1978 0                  
1979 0                  
1980 0                  
1981 0                  
1982 0                  
1983 0                  
1984 0                  
1985 0                  
1986 0                  
1987 0                  
1988 0                  
1989 0                  
1990 0                  
1991 0                  
1992 0                  
1993 0                  
1994 0                  
1995 0                  
1996 0                  
1997 0                  
1998 0                  
1999 0                  
2000 0                  
2001 0                  
2002 0                  
2003 0                  
2004 0                  
2005 0                  
2006 0                  
2007 0                  
2008 0                  
2009 0                  
2010 0                  
2011 0                  
2012 0                  
2013 0                  
2014 0                  
2015 0                  
2016 0                  
2017 0                  
2018 0                  
2019 0                  
2020 0                  
2021 0                  
2022 0                  
2023 0                  
2024 0                  
2025 0                  
2026 0                  
2027 0                  
2028 0                  
2029 0                  
2030 0                  
2031 0                  
2032 0                  
2033 0                  
2034 0                  
2035 0                  
2036 0                  
2037 0                  
2038 0                  
2039 0                  
2040 0                  
2041 0                  
2042 0                  
2043 0                  
2044 0                  
2045 0                  
2046 0                  
2047 0                  
2048 0                  
2049 0                  
2050 0                  
2051 0                  
2052 0                  
2053 0                  
2054 0                  
2055 0                  
2056 0                  
2057 0                  
2058 0                  
2059 0                  
2060 0                  
2061 0                  
2062 0                  
2063 0                  
2064 0                  
2065 0                  
2066 0                  
2067 0                  
2068 0                  
2069 0                  
2070 0                  
2071 0                  
2072 0                  
2073 0                  
2074 0                  
2075 0                  
2076 0                  
2077 0                  
2078 0                  
2079 0                  
2080 0                  
2081 0                  
2082 0                  
2083 0                  
2084 0                  
2085 0                  
2086 0                  
2087 0                  
2088 0                  
2089 0                  
2090 0                  
2091 0                  
2092 0                  
2093 0                  
2094 0                  
2095 0                  
2096 0                  
2097 0                  
2098 0                  
2099 0                  
2100 0                  
2101 0                  
2102 0                  
2103 0                  
2104 0                  
2105 0                  
2106 0                  
2107 0                  
2108 0                  
2109 0                  
2110 0                  
2111 0                  
2112 0                  
2113 0                  
2114 0                  
2115 0                  
2116 0                  
2117 0                  
2118 0                  
2119 0                  
2120 0                  
2121 0                  
2122 0                  
2123 0                  
2124 0                  
2125 0                  
2126 0                  
2127 0                  
2128 0                  
2129 0                  
2130 0                  
2131 0                  
2132 0                  
2133 0                  
2134 0                  
2135 0                  
2136 0                  
2137 0                  
2138 0                  
2139 0                  
2140 0                  
2141 0                  
2142 0                  
2143 0                  
2144 0                  
2145 0                  
2146 0                  
2147 0                  
2148 0                  
2149 0                  
2150 0                  
2151 0                  
2152 0                  
2153 0                  
2154 0                  
2155 0                  
2156 0                  
2157 0                  
2158 0                  
2159 0                  
2160 0                  
2161 0                  
2162 0                  
2163 0                  
2164 0                  
2165 0                  
2166 0                  
2167 0                  
2168 0                  
2169 0                  
2170 0                  
2171 0                  
2172 0                  
2173 0                  
2174 0                  
2175 0                  
2176 0                  
2177 0                  
2178 0                  
2179 0                  
2180 0                  
2181 0                  
2182 0                  
2183 0                  
2184 0                  
2185 0                  
2186 0                  
2187 0                  
2188 0                  
2189 0                  
2190 0                  
2191 0                  
2192 0                  
2193 0                  
2194 0                  
2195 0                  
2196 0                  
2197 0                  
2198 0                  
2199 0                  
2200 0                  
2201 0                  
2202 0                  
2203 0                  
2204 0                  
2205 0                  
2206 0                  
2207 0                  
2208 0                  
2209 0                  
2210 0                  
2211 0                  
2212 0                  
2213 0                  
2214 0                  
2215 0                  
2216 0                  
2217 0                  
2218 0                  
2219 0                  
2220 0                  
2221 0                  
2222 0                  
2223 0                  
2224 0                  
2225 0                  
2226 0                  
2227 0                  
2228 0                  
2229 0                  
2230 0                  
2231 0                  
2232 0                  
2233 0                  
2234 0                  
2235 0                  
2236 0                  
2237 0                  
2238 0                  
2239 0                  
2240 0                  
2241 0                  
2242 0                  
2243 0                  
2244 0                  
2245 0                  
2246 0                  
2247 0                  
2248 0                  
2249 0                  
2250 0                  
2251 0                  
2252 0                  
2253 0                  
2254 0                  
2255 0                  
2256 0                  
2257 0                  
2258 0                  
2259 0                  
2260 0                  
2261 0                  
2262 0                  
2263 0                  
2264 0                  
2265 0                  
2266 0                  
2267 0                  
2268 0                  
2269 0                  
2270 0                  
2271 0                  
2272 0                  
2273 0                  
2274 0                  
2275 0                  
2276 0                  
2277 0                  
2278 0                  
2279 0                  
2280 0                  
2281 0                  
2282 0                  
2283 0                  
2284 0                  
2285 0                  
2286 0                  
2287 0                  
2288 0                  
2289 0                  
2290 0                  
2291 0                  
2292 0                  
2293 0                  
2294 0                  
2295 0                  
2296 0                  
2297 0                  
2298 0                  
2299 0                  
2300 0                  
2301 0                  
2302 0                  
2303 0                  
2304 0                  
2305 0                  
2306 0                  
2307 0                  
2308 0                  
2309 0                  
2310 0                  
2311 0                  
2312 0                  
2313 0                  
2314 0                  
2315 0                  
2316 0                  
2317 0                  
2318 0                  
2319 0                  
2320 0                  
2321 0                  
2322 0                  
2323 0                  
2324 0                  
2325 0                  
2326 0                  
2327 0                  
2328 0                  
2329 0                  
2330 0                  
2331 0                  
2332 0                  
2333 0                  
2334 0                  
2335 0                  
2336 0                  
2337 0                  
2338 0                  
2339 0                  
2340 0                  
2341 0                  
2342 0                  
2343 0                  
2344 0                  
2345 0                  
2346 0                  
2347 0                  
2348 0                  
2349 0                  
2350 0                  
2351 0                  
2352 0                  
2353 0                  
2354 0                  
2355 0                  
2356 0                  
2357 0                  
2358 0                  
2359 0                  
2360 0                  
2361 0                  
2362 0                  
2363 0                  
2364 0                  
2365 0                  
2366 0                  
2367 0                  
2368 0                  
2369 0                  
2370 0                  
2371 0                  
2372 0                  
2373 0                  
2374 0                  
2375 0                  
2376 0                  
2377 0                  
2378 0                  
2379 0                  
2380 0                  
2381 0                  
2382 0                  
2383 0                  
2384 0                  
2385 0                  
2386 0                  
2387 0                  
2388 0                  
2389 0                  
2390 0                  
2391 0                  
2392 0                  
2393 0                  
2394 0                  
2395 0                  
2396 0                  
2397 0                  
2398 0                  
2399 0                  
