Time Quantity               
0    0                      
1    0                      
2    0                      
3    0                      
4    0                      
5    0                      
6    0                      
7    0                      
8    0                      
9    0                      
10   0                      
11   0                      
12   0                      
13   0                      
14   0                      
15   0                      
16   0                      
17   0                      
18   0                      
19   0                      
20   0                      
21   0                      
22   0                      
23   0                      
24   0                      
25   0                      
26   0                      
27   0                      
28   0                      
29   0                      
30   0                      
31   0                      
32   0                      
33   0                      
34   0                      
35   0                      
36   0                      
37   0                      
38   0                      
39   0                      
40   0                      
41   0                      
42   0                      
43   0                      
44   0                      
45   0                      
46   0                      
47   0                      
48   0                      
49   0                      
50   0                      
51   0                      
52   0                      
53   0                      
54   0                      
55   0                      
56   0                      
57   0                      
58   0                      
59   0                      
60   0                      
61   0                      
62   0                      
63   0                      
64   0                      
65   0                      
66   0                      
67   0                      
68   0                      
69   0                      
70   0                      
71   0                      
72   0                      
73   0                      
74   0                      
75   0                      
76   0                      
77   0                      
78   0                      
79   0                      
80   0                      
81   0                      
82   0                      
83   0                      
84   0                      
85   0                      
86   0                      
87   0                      
88   0                      
89   0                      
90   0                      
91   0                      
92   0                      
93   0                      
94   0                      
95   0                      
96   0                      
97   0                      
98   0                      
99   0                      
100  0                      
101  0                      
102  0                      
103  0                      
104  0                      
105  0                      
106  0                      
107  0                      
108  0                      
109  0                      
110  0                      
111  0                      
112  0                      
113  0                      
114  0                      
115  0                      
116  0                      
117  0                      
118  0                      
119  0                      
120  0                      
121  0                      
122  0                      
123  0                      
124  0                      
125  0                      
126  0                      
127  0                      
128  0                      
129  0                      
130  0                      
131  0                      
132  0                      
133  0                      
134  0                      
135  0                      
136  0                      
137  0                      
138  0                      
139  0                      
140  0                      
141  0                      
142  0                      
143  0                      
144  0                      
145  0                      
146  0                      
147  0                      
148  0                      
149  0                      
150  0                      
151  0                      
152  0                      
153  0                      
154  0                      
155  0                      
156  0                      
157  0                      
158  0                      
159  0                      
160  0                      
161  0                      
162  0                      
163  0                      
164  0                      
165  0                      
166  0                      
167  0                      
168  0                      
169  0                      
170  0                      
171  0                      
172  0                      
173  0                      
174  0                      
175  0                      
176  0                      
177  0                      
178  0                      
179  0                      
180  1.4827349e+07          
181  0                      
182  0                      
183  0                      
184  0                      
185  1.493083e+06           
186  0                      
187  0                      
188  14783                  
189  0                      
190  0                      
191  14783                  
192  0                      
193  0                      
194  1.493083e+06           
195  0                      
196  0                      
197  14783                  
198  0                      
199  0                      
200  14783                  
201  0                      
202  0                      
203  1.507866e+06           
204  0                      
205  0                      
206  14783                  
207  0                      
208  0                      
209  14783                  
210  0                      
211  0                      
212  1.507866e+06           
213  0                      
214  0                      
215  29566                  
216  0                      
217  0                      
218  14783                  
219  0                      
220  0                      
221  1.507866e+06           
222  0                      
223  0                      
224  29566                  
225  0                      
226  0                      
227  29566                  
228  0                      
229  0                      
230  1.507866e+06           
231  0                      
232  0                      
233  29566                  
234  0                      
235  0                      
236  29566                  
237  0                      
238  0                      
239  1.522649e+06           
240  0                      
241  0                      
242  29566                  
243  0                      
244  0                      
245  29566                  
246  0                      
247  0                      
248  1.522649e+06           
249  0                      
250  0                      
251  44349.00000000001      
252  0                      
253  0                      
254  29566                  
255  0                      
256  0                      
257  1.522649e+06           
258  0                      
259  0                      
260  44349.00000000001      
261  0                      
262  0                      
263  44349.00000000001      
264  0                      
265  0                      
266  1.522649e+06           
267  0                      
268  0                      
269  44349.00000000001      
270  0                      
271  0                      
272  44349.00000000001      
273  0                      
274  0                      
275  1.537432e+06           
276  0                      
277  0                      
278  44349.00000000001      
279  0                      
280  0                      
281  44349.00000000001      
282  0                      
283  0                      
284  1.537432e+06           
285  0                      
286  0                      
287  73915                  
288  0                      
289  0                      
290  44349.00000000001      
291  0                      
292  0                      
293  1.537432e+06           
294  0                      
295  0                      
296  73915                  
297  0                      
298  0                      
299  59132                  
300  0                      
301  0                      
302  1.537432e+06           
303  0                      
304  0                      
305  73915                  
306  0                      
307  0                      
308  59132                  
309  0                      
310  0                      
311  1.552215e+06           
312  0                      
313  0                      
314  73915                  
315  0                      
316  0                      
317  59132                  
318  0                      
319  0                      
320  1.552215e+06           
321  0                      
322  0                      
323  88698.00000000001      
324  0                      
325  0                      
326  325226.00000000006     
327  0                      
328  0                      
329  1.5078659999999998e+06 
330  0                      
331  0                      
332  88698.00000000001      
333  0                      
334  0                      
335  118264                 
336  0                      
337  0                      
338  1.6556960000000002e+06 
339  0                      
340  0                      
341  88698.00000000001      
342  0                      
343  0                      
344  118264                 
345  0                      
346  0                      
347  1.522649e+06           
348  0                      
349  0                      
350  354792.00000000006     
351  0                      
352  0                      
353  118264                 
354  0                      
355  0                      
356  1.4783e+06             
357  0                      
358  0                      
359  147830                 
360  0                      
361  0                      
362  295660                 
363  0                      
364  0                      
365  1.4487339999999998e+06 
366  0                      
367  0                      
368  147830                 
369  0                      
370  0                      
371  177396.00000000003     
372  0                      
373  0                      
374  1.670479e+06           
375  0                      
376  0                      
377  147830                 
378  0                      
379  0                      
380  177396.00000000003     
381  0                      
382  0                      
383  1.463517e+06           
384  0                      
385  0                      
386  325226                 
387  0                      
388  0                      
389  177396.00000000003     
390  0                      
391  0                      
392  1.4339509999999998e+06 
393  0                      
394  0                      
395  192178.99999999997     
396  0                      
397  0                      
398  443490.0000000001      
399  0                      
400  0                      
401  1.389602e+06           
402  0                      
403  0                      
404  192178.99999999997     
405  0                      
406  0                      
407  236528                 
408  0                      
409  0                      
410  1.5374320000000002e+06 
411  0                      
412  0                      
413  192178.99999999997     
414  0                      
415  0                      
416  236528                 
417  0                      
418  0                      
419  1.4043849999999998e+06 
420  0                      
421  0                      
422  458273                 
423  0                      
424  0                      
425  236528                 
426  0                      
427  0                      
428  1.360036e+06           
429  0                      
430  0                      
431  266094                 
432  0                      
433  0                      
434  413924                 
435  0                      
436  0                      
437  1.3304699999999998e+06 
438  0                      
439  0                      
440  266094                 
441  0                      
442  0                      
443  280877                 
444  0                      
445  0                      
446  1.5522150000000002e+06 
447  0                      
448  0                      
449  266094                 
450  0                      
451  0                      
452  280877                 
453  0                      
454  0                      
455  1.345253e+06           
456  0                      
457  0                      
458  443490.00000000006     
459  0                      
460  0                      
461  280877                 
462  0                      
463  0                      
464  1.315687e+06           
465  0                      
466  0                      
467  325226                 
468  0                      
469  0                      
470  546971                 
471  0                      
472  0                      
473  1.271338e+06           
474  0                      
475  0                      
476  325226                 
477  0                      
478  0                      
479  340009                 
480  0                      
481  0                      
482  1.419168e+06           
483  0                      
484  0                      
485  325226                 
486  0                      
487  0                      
488  340009                 
489  0                      
490  0                      
491  1.286121e+06           
492  0                      
493  0                      
494  591320                 
495  0                      
496  0                      
497  340009                 
498  0                      
499  0                      
500  1.241772e+06           
501  0                      
502  0                      
503  384357.99999999994     
504  0                      
505  0                      
506  517405.00000000006     
507  0                      
508  0                      
509  1.212206e+06           
510  0                      
511  0                      
512  384357.99999999994     
513  0                      
514  0                      
515  399141                 
516  0                      
517  0                      
518  1.4339509999999998e+06 
519  0                      
520  0                      
521  384357.99999999994     
522  0                      
523  0                      
524  399141                 
525  0                      
526  0                      
527  1.2269889999999998e+06 
528  0                      
529  0                      
530  561754                 
531  0                      
532  0                      
533  399141                 
534  0                      
535  0                      
536  1.1974229999999998e+06 
537  0                      
538  0                      
539  428707                 
540  0                      
541  0                      
542  665235                 
543  0                      
544  0                      
545  1.1530739999999998e+06 
546  0                      
547  0                      
548  428707                 
549  0                      
550  0                      
551  473056                 
552  0                      
553  0                      
554  1.3009039999999998e+06 
555  0                      
556  0                      
557  428707                 
558  0                      
559  0                      
560  473056                 
561  0                      
562  0                      
563  1.167857e+06           
564  0                      
565  0                      
566  694801                 
567  0                      
568  0                      
569  473056                 
570  0                      
571  0                      
572  1.123508e+06           
573  0                      
574  0                      
575  487839.00000000006     
576  0                      
577  0                      
578  650452                 
579  0                      
580  0                      
581  1.093942e+06           
582  0                      
583  0                      
584  487839.00000000006     
585  0                      
586  0                      
587  517404.99999999994     
588  0                      
589  0                      
590  1.3156870000000002e+06 
591  0                      
592  0                      
593  487839.00000000006     
594  0                      
595  0                      
596  517404.99999999994     
597  0                      
598  0                      
599  1.123508e+06           
600  0                      
601  0                      
602  665235.0000000001      
603  0                      
604  0                      
605  517404.99999999994     
606  0                      
607  0                      
608  1.0939420000000002e+06 
609  0                      
610  0                      
611  532188                 
612  0                      
613  0                      
614  783499                 
615  0                      
616  0                      
617  1.0495929999999998e+06 
618  0                      
619  0                      
620  532188                 
621  0                      
622  0                      
623  591320                 
624  0                      
625  0                      
626  1.197423e+06           
627  0                      
628  0                      
629  532188                 
630  0                      
631  0                      
632  591320                 
633  0                      
634  0                      
635  1.0495930000000002e+06 
636  0                      
637  0                      
638  798282                 
639  0                      
640  0                      
641  591320                 
642  0                      
643  0                      
644  1.0052439999999999e+06 
645  0                      
646  0                      
647  606103                 
648  0                      
649  0                      
650  768716                 
651  0                      
652  0                      
653  975678.0000000001      
654  0                      
655  0                      
656  606103                 
657  0                      
658  0                      
659  635669                 
660  0                      
661  0                      
662  1.197423e+06           
663  0                      
664  0                      
665  606103                 
666  0                      
667  0                      
668  635669                 
669  0                      
670  0                      
671  990461                 
672  0                      
673  0                      
674  783499                 
675  0                      
676  0                      
677  635669                 
678  0                      
679  0                      
680  960895                 
681  0                      
682  0                      
683  665234.9999999999      
684  0                      
685  0                      
686  901763                 
687  0                      
688  0                      
689  916546                 
690  0                      
691  0                      
692  665234.9999999999      
693  0                      
694  0                      
695  680018                 
696  0                      
697  0                      
698  1.0643760000000002e+06 
699  0                      
700  0                      
701  665234.9999999999      
702  0                      
703  0                      
704  680018                 
705  0                      
706  0                      
707  946112.0000000001      
708  0                      
709  0                      
710  931328.9999999999      
711  0                      
712  0                      
713  680018                 
714  0                      
715  0                      
716  901763                 
717  0                      
718  0                      
719  724367                 
720  0                      
721  0                      
722  857414                 
723  0                      
724  0                      
725  872196.9999999999      
726  0                      
727  0                      
728  724367                 
729  0                      
730  0                      
731  724367                 
732  0                      
733  0                      
734  1.093942e+06           
735  0                      
736  0                      
737  724367                 
738  0                      
739  0                      
740  724367                 
741  0                      
742  0                      
743  886980.0000000001      
744  0                      
745  0                      
746  901763                 
747  0                      
748  0                      
749  724367                 
750  0                      
751  0                      
752  857414.0000000001      
753  0                      
754  0                      
755  783498.9999999999      
756  0                      
757  0                      
758  990461                 
759  0                      
760  0                      
761  813065.0000000001      
762  0                      
763  0                      
764  783498.9999999999      
765  0                      
766  0                      
767  768715.9999999999      
768  0                      
769  0                      
770  960895.0000000001      
771  0                      
772  0                      
773  783498.9999999999      
774  0                      
775  0                      
776  768715.9999999999      
777  0                      
778  0                      
779  842630.9999999998      
780  0                      
781  0                      
782  1.0495929999999998e+06 
783  0                      
784  0                      
785  768715.9999999999      
786  0                      
787  0                      
788  798281.9999999999      
789  0                      
790  0                      
791  842631                 
792  0                      
793  0                      
794  946111.9999999999      
795  0                      
796  0                      
797  768715.9999999999      
798  0                      
799  0                      
800  842631                 
801  0                      
802  0                      
803  813065                 
804  0                      
805  0                      
806  768715.9999999999      
807  0                      
808  0                      
809  842631                 
810  0                      
811  0                      
812  813065                 
813  0                      
814  0                      
815  783498.9999999999      
816  0                      
817  0                      
818  842631                 
819  0                      
820  0                      
821  813065                 
822  0                      
823  0                      
824  783498.9999999999      
825  0                      
826  0                      
827  857414                 
828  0                      
829  0                      
830  813065                 
831  0                      
832  0                      
833  783498.9999999999      
834  0                      
835  0                      
836  857414                 
837  0                      
838  0                      
839  827848                 
840  0                      
841  0                      
842  783498.9999999999      
843  0                      
844  0                      
845  857414                 
846  0                      
847  0                      
848  827848                 
849  0                      
850  0                      
851  798282                 
852  0                      
853  0                      
854  857414                 
855  0                      
856  0                      
857  827848                 
858  0                      
859  0                      
860  798282                 
861  0                      
862  0                      
863  872196.9999999998      
864  0                      
865  0                      
866  827848                 
867  0                      
868  0                      
869  798282                 
870  0                      
871  0                      
872  872196.9999999998      
873  0                      
874  0                      
875  842631                 
876  0                      
877  0                      
878  798282                 
879  0                      
880  0                      
881  872196.9999999998      
882  0                      
883  0                      
884  842631                 
885  0                      
886  0                      
887  813065                 
888  0                      
889  0                      
890  872196.9999999998      
891  0                      
892  0                      
893  842631                 
894  0                      
895  0                      
896  813065                 
897  0                      
898  0                      
899  886980                 
900  0                      
901  0                      
902  842631                 
903  0                      
904  0                      
905  813065                 
906  0                      
907  0                      
908  886980                 
909  0                      
910  0                      
911  857414                 
912  0                      
913  0                      
914  813065                 
915  0                      
916  0                      
917  886980                 
918  0                      
919  0                      
920  857414                 
921  0                      
922  0                      
923  827848                 
924  0                      
925  0                      
926  886980                 
927  0                      
928  0                      
929  857414                 
930  0                      
931  0                      
932  827848                 
933  0                      
934  0                      
935  886980                 
936  0                      
937  0                      
938  857414                 
939  0                      
940  0                      
941  827848                 
942  0                      
943  0                      
944  886980                 
945  0                      
946  0                      
947  857414                 
948  0                      
949  0                      
950  827848                 
951  0                      
952  0                      
953  886980                 
954  0                      
955  0                      
956  857414                 
957  0                      
958  0                      
959  827848                 
960  0                      
961  0                      
962  886980                 
963  0                      
964  0                      
965  857414                 
966  0                      
967  0                      
968  827848                 
969  0                      
970  0                      
971  886980                 
972  0                      
973  0                      
974  857414                 
975  0                      
976  0                      
977  827848                 
978  0                      
979  0                      
980  886980                 
981  0                      
982  0                      
983  857414                 
984  0                      
985  0                      
986  827848                 
987  0                      
988  0                      
989  886980                 
990  0                      
991  0                      
992  857414                 
993  0                      
994  0                      
995  827848                 
996  0                      
997  0                      
998  886980                 
999  0                      
1000 0                      
1001 857414                 
1002 0                      
1003 0                      
1004 827848                 
1005 0                      
1006 0                      
1007 886980                 
1008 0                      
1009 0                      
1010 857414                 
1011 0                      
1012 0                      
1013 827848                 
1014 0                      
1015 0                      
1016 886980                 
1017 0                      
1018 0                      
1019 857414                 
1020 0                      
1021 0                      
1022 827848                 
1023 0                      
1024 0                      
1025 886980                 
1026 0                      
1027 0                      
1028 857414                 
1029 0                      
1030 0                      
1031 827848                 
1032 0                      
1033 0                      
1034 886980                 
1035 0                      
1036 0                      
1037 857414                 
1038 0                      
1039 0                      
1040 827848                 
1041 0                      
1042 0                      
1043 886980                 
1044 0                      
1045 0                      
1046 857414                 
1047 0                      
1048 0                      
1049 827848                 
1050 0                      
1051 0                      
1052 886980                 
1053 0                      
1054 0                      
1055 857414                 
1056 0                      
1057 0                      
1058 827848                 
1059 0                      
1060 0                      
1061 886980                 
1062 0                      
1063 0                      
1064 857414                 
1065 0                      
1066 0                      
1067 827848                 
1068 0                      
1069 0                      
1070 886980                 
1071 0                      
1072 0                      
1073 857414                 
1074 0                      
1075 0                      
1076 827848                 
1077 0                      
1078 0                      
1079 886980                 
1080 0                      
1081 0                      
1082 857414                 
1083 0                      
1084 0                      
1085 827848                 
1086 0                      
1087 0                      
1088 886980                 
1089 0                      
1090 0                      
1091 857414                 
1092 0                      
1093 0                      
1094 827848                 
1095 0                      
1096 0                      
1097 886980                 
1098 0                      
1099 0                      
1100 857414                 
1101 0                      
1102 0                      
1103 827848                 
1104 0                      
1105 0                      
1106 886980                 
1107 0                      
1108 0                      
1109 857414                 
1110 0                      
1111 0                      
1112 827848                 
1113 0                      
1114 0                      
1115 886980                 
1116 0                      
1117 88698                  
1118 857414                 
1119 0                      
1120 0                      
1121 813065                 
1122 0                      
1123 0                      
1124 886980                 
1125 0                      
1126 0                      
1127 857414                 
1128 0                      
1129 88698                  
1130 813065                 
1131 0                      
1132 0                      
1133 872196.9999999998      
1134 0                      
1135 0                      
1136 857414                 
1137 0                      
1138 0                      
1139 813065                 
1140 0                      
1141 88698                  
1142 872196.9999999998      
1143 0                      
1144 0                      
1145 842631                 
1146 0                      
1147 0                      
1148 813065                 
1149 0                      
1150 0                      
1151 872196.9999999998      
1152 0                      
1153 88698                  
1154 842631                 
1155 0                      
1156 0                      
1157 798282                 
1158 0                      
1159 0                      
1160 872196.9999999998      
1161 0                      
1162 0                      
1163 842631                 
1164 0                      
1165 88698                  
1166 798282                 
1167 0                      
1168 0                      
1169 857414                 
1170 0                      
1171 0                      
1172 842631                 
1173 0                      
1174 0                      
1175 798282                 
1176 0                      
1177 88698                  
1178 857414                 
1179 0                      
1180 0                      
1181 827848                 
1182 0                      
1183 0                      
1184 798282                 
1185 0                      
1186 0                      
1187 857414                 
1188 0                      
1189 88698                  
1190 827848                 
1191 0                      
1192 0                      
1193 783498.9999999999      
1194 0                      
1195 0                      
1196 857414                 
1197 0                      
1198 0                      
1199 827848                 
1200 0                      
1201 88698                  
1202 783498.9999999999      
1203 0                      
1204 0                      
1205 842631                 
1206 0                      
1207 0                      
1208 827848                 
1209 0                      
1210 0                      
1211 783498.9999999999      
1212 0                      
1213 88698                  
1214 842631                 
1215 0                      
1216 0                      
1217 813065                 
1218 0                      
1219 0                      
1220 783498.9999999999      
1221 0                      
1222 0                      
1223 842631                 
1224 0                      
1225 88698                  
1226 813065                 
1227 0                      
1228 0                      
1229 768715.9999999999      
1230 0                      
1231 0                      
1232 842631                 
1233 0                      
1234 0                      
1235 813065                 
1236 0                      
1237 177396                 
1238 768715.9999999999      
1239 0                      
1240 0                      
1241 813065                 
1242 0                      
1243 0                      
1244 813065                 
1245 0                      
1246 0                      
1247 768715.9999999999      
1248 0                      
1249 88698                  
1250 813065                 
1251 0                      
1252 0                      
1253 798282                 
1254 0                      
1255 0                      
1256 768715.9999999999      
1257 0                      
1258 0                      
1259 813065                 
1260 0                      
1261 88698                  
1262 798282                 
1263 0                      
1264 0                      
1265 753932.9999999999      
1266 0                      
1267 0                      
1268 813065                 
1269 0                      
1270 0                      
1271 798282                 
1272 0                      
1273 88698                  
1274 753932.9999999999      
1275 0                      
1276 0                      
1277 798282                 
1278 0                      
1279 0                      
1280 798282                 
1281 0                      
1282 0                      
1283 753932.9999999999      
1284 0                      
1285 354792                 
1286 798282                 
1287 0                      
1288 0                      
1289 739150                 
1290 0                      
1291 0                      
1292 753932.9999999999      
1293 0                      
1294 0                      
1295 798282                 
1296 0                      
1297 266094.00000000006     
1298 739150                 
1299 0                      
1300 0                      
1301 709584.0000000001      
1302 0                      
1303 0                      
1304 798282                 
1305 0                      
1306 0                      
1307 739150                 
1308 0                      
1309 354792                 
1310 709584.0000000001      
1311 0                      
1312 0                      
1313 739150                 
1314 0                      
1315 0                      
1316 739150                 
1317 0                      
1318 0                      
1319 709584.0000000001      
1320 0                      
1321 354792                 
1322 739150                 
1323 0                      
1324 0                      
1325 680018                 
1326 0                      
1327 0                      
1328 709584.0000000001      
1329 0                      
1330 0                      
1331 739150                 
1332 0                      
1333 354792                 
1334 680018                 
1335 0                      
1336 0                      
1337 650452                 
1338 0                      
1339 0                      
1340 739150                 
1341 0                      
1342 0                      
1343 680018                 
1344 0                      
1345 266094.00000000006     
1346 650452                 
1347 0                      
1348 0                      
1349 694800.9999999999      
1350 0                      
1351 0                      
1352 680018                 
1353 0                      
1354 0                      
1355 650452                 
1356 0                      
1357 354792                 
1358 694800.9999999999      
1359 0                      
1360 0                      
1361 620886                 
1362 0                      
1363 0                      
1364 650452                 
1365 0                      
1366 0                      
1367 694800.9999999999      
1368 0                      
1369 266094.00000000006     
1370 620886                 
1371 0                      
1372 0                      
1373 606103                 
1374 0                      
1375 0                      
1376 694800.9999999999      
1377 0                      
1378 0                      
1379 620886                 
1380 0                      
1381 443490.0000000001      
1382 606103                 
1383 0                      
1384 0                      
1385 620886                 
1386 0                      
1387 0                      
1388 620886                 
1389 0                      
1390 0                      
1391 606103                 
1392 0                      
1393 266094.00000000006     
1394 620886                 
1395 0                      
1396 0                      
1397 576537                 
1398 0                      
1399 0                      
1400 606103                 
1401 0                      
1402 0                      
1403 620886                 
1404 0                      
1405 354792                 
1406 576537                 
1407 0                      
1408 0                      
1409 546971                 
1410 0                      
1411 0                      
1412 620886                 
1413 0                      
1414 0                      
1415 576537                 
1416 0                      
1417 354792                 
1418 546971                 
1419 0                      
1420 0                      
1421 561754                 
1422 0                      
1423 0                      
1424 576537                 
1425 0                      
1426 0                      
1427 546971                 
1428 0                      
1429 354792                 
1430 561754                 
1431 0                      
1432 0                      
1433 517404.99999999994     
1434 0                      
1435 0                      
1436 546971                 
1437 0                      
1438 0                      
1439 561754                 
1440 0                      
1441 266094.00000000006     
1442 517404.99999999994     
1443 0                      
1444 0                      
1445 502621.99999999994     
1446 0                      
1447 0                      
1448 561754                 
1449 0                      
1450 0                      
1451 517404.99999999994     
1452 0                      
1453 354792                 
1454 502621.99999999994     
1455 0                      
1456 0                      
1457 502621.99999999994     
1458 0                      
1459 0                      
1460 517404.99999999994     
1461 0                      
1462 0                      
1463 502621.99999999994     
1464 0                      
1465 354792                 
1466 502621.99999999994     
1467 0                      
1468 0                      
1469 458273                 
1470 0                      
1471 0                      
1472 502621.99999999994     
1473 0                      
1474 0                      
1475 502621.99999999994     
1476 0                      
1477 354792                 
1478 458273                 
1479 0                      
1480 0                      
1481 443490                 
1482 0                      
1483 0                      
1484 502621.99999999994     
1485 0                      
1486 0                      
1487 458273                 
1488 0                      
1489 266094.00000000006     
1490 443490                 
1491 0                      
1492 0                      
1493 458273                 
1494 0                      
1495 0                      
1496 458273                 
1497 0                      
1498 0                      
1499 443490                 
1500 0                      
1501 443490.0000000001      
1502 458273                 
1503 0                      
1504 0                      
1505 384357.99999999994     
1506 0                      
1507 0                      
1508 443490                 
1509 0                      
1510 0                      
1511 458273                 
1512 0                      
1513 266094.00000000006     
1514 384357.99999999994     
1515 0                      
1516 0                      
1517 399141                 
1518 0                      
1519 0                      
1520 458273                 
1521 0                      
1522 0                      
1523 384357.99999999994     
1524 0                      
1525 354792                 
1526 399141                 
1527 0                      
1528 0                      
1529 399141                 
1530 0                      
1531 0                      
1532 384357.99999999994     
1533 0                      
1534 0                      
1535 399141                 
1536 0                      
1537 266094.00000000006     
1538 399141                 
1539 0                      
1540 0                      
1541 340009                 
1542 0                      
1543 0                      
1544 399141                 
1545 0                      
1546 0                      
1547 399141                 
1548 0                      
1549 443490.0000000001      
1550 340009                 
1551 0                      
1552 0                      
1553 325226                 
1554 0                      
1555 0                      
1556 399141                 
1557 0                      
1558 0                      
1559 340009                 
1560 0                      
1561 266094.00000000006     
1562 325226                 
1563 0                      
1564 0                      
1565 354792.00000000006     
1566 0                      
1567 0                      
1568 340009                 
1569 0                      
1570 0                      
1571 325226                 
1572 0                      
1573 443490.0000000001      
1574 354792.00000000006     
1575 0                      
1576 0                      
1577 266094                 
1578 0                      
1579 0                      
1580 325226                 
1581 0                      
1582 0                      
1583 354792.00000000006     
1584 0                      
1585 177396                 
1586 266094                 
1587 0                      
1588 0                      
1589 295660                 
1590 0                      
1591 0                      
1592 354792.00000000006     
1593 0                      
1594 0                      
1595 266094                 
1596 0                      
1597 443490.0000000001      
1598 295660                 
1599 0                      
1600 0                      
1601 280877                 
1602 0                      
1603 0                      
1604 266094                 
1605 0                      
1606 0                      
1607 295660                 
1608 0                      
1609 266094.00000000006     
1610 280877                 
1611 0                      
1612 0                      
1613 221745                 
1614 0                      
1615 0                      
1616 295660                 
1617 0                      
1618 0                      
1619 280877                 
1620 0                      
1621 354792                 
1622 221745                 
1623 0                      
1624 0                      
1625 236528                 
1626 0                      
1627 0                      
1628 280877                 
1629 0                      
1630 0                      
1631 221745                 
1632 0                      
1633 354792                 
1634 236528                 
1635 0                      
1636 0                      
1637 221745                 
1638 0                      
1639 0                      
1640 221745                 
1641 0                      
1642 0                      
1643 236528                 
1644 0                      
1645 266094.00000000006     
1646 221745                 
1647 0                      
1648 0                      
1649 177396.00000000003     
1650 0                      
1651 0                      
1652 236528                 
1653 0                      
1654 0                      
1655 221745                 
1656 0                      
1657 354792                 
1658 177396.00000000003     
1659 0                      
1660 0                      
1661 177396.00000000003     
1662 0                      
1663 0                      
1664 221745                 
1665 0                      
1666 0                      
1667 177396.00000000003     
1668 0                      
1669 354792                 
1670 177396.00000000003     
1671 0                      
1672 0                      
1673 162613                 
1674 0                      
1675 0                      
1676 177396.00000000003     
1677 0                      
1678 0                      
1679 177396.00000000003     
1680 0                      
1681 266094.00000000006     
1682 162613                 
1683 0                      
1684 0                      
1685 133047                 
1686 0                      
1687 0                      
1688 177396.00000000003     
1689 0                      
1690 0                      
1691 162613                 
1692 0                      
1693 354792                 
1694 133047                 
1695 0                      
1696 0                      
1697 118264                 
1698 0                      
1699 0                      
1700 162613                 
1701 0                      
1702 0                      
1703 133047                 
1704 0                      
1705 354792                 
1706 118264                 
1707 0                      
1708 0                      
1709 103481                 
1710 0                      
1711 0                      
1712 133047                 
1713 0                      
1714 0                      
1715 118264                 
1716 0                      
1717 266094.00000000006     
1718 103481                 
1719 0                      
1720 0                      
1721 88698.00000000001      
1722 0                      
1723 0                      
1724 118264                 
1725 0                      
1726 0                      
1727 103481                 
1728 0                      
1729 354792                 
1730 88698.00000000001      
1731 0                      
1732 0                      
1733 59132                  
1734 0                      
1735 0                      
1736 103481                 
1737 0                      
1738 0                      
1739 88698.00000000001      
1740 0                      
1741 354792                 
1742 59132                  
1743 0                      
1744 0                      
1745 44349.00000000001      
1746 0                      
1747 0                      
1748 88698.00000000001      
1749 0                      
1750 0                      
1751 59132                  
1752 0                      
1753 266094.00000000006     
1754 44349.00000000001      
1755 0                      
1756 0                      
1757 44349.00000000001      
1758 0                      
1759 0                      
1760 59132                  
1761 0                      
1762 0                      
1763 44349.00000000001      
1764 0                      
1765 88698                  
1766 44349.00000000001      
1767 0                      
1768 0                      
1769 44349.00000000001      
1770 0                      
1771 0                      
1772 44349.00000000001      
1773 0                      
1774 0                      
1775 44349.00000000001      
1776 0                      
1777 88698                  
1778 44349.00000000001      
1779 0                      
1780 0                      
1781 29566                  
1782 0                      
1783 0                      
1784 44349.00000000001      
1785 0                      
1786 0                      
1787 44349.00000000001      
1788 0                      
1789 88698                  
1790 29566                  
1791 0                      
1792 0                      
1793 29566                  
1794 0                      
1795 0                      
1796 44349.00000000001      
1797 0                      
1798 0                      
1799 29566                  
1800 0                      
1801 88698                  
1802 29566                  
1803 0                      
1804 0                      
1805 29566                  
1806 0                      
1807 0                      
1808 29566                  
1809 0                      
1810 0                      
1811 29566                  
1812 0                      
1813 88698                  
1814 29566                  
1815 0                      
1816 0                      
1817 14783                  
1818 0                      
1819 0                      
1820 29566                  
1821 0                      
1822 0                      
1823 29566                  
1824 0                      
1825 88698                  
1826 14783                  
1827 0                      
1828 0                      
1829 14783                  
1830 0                      
1831 0                      
1832 29566                  
1833 0                      
1834 0                      
1835 14783                  
1836 0                      
1837 88698                  
1838 14783                  
1839 0                      
1840 0                      
1841 14783                  
1842 0                      
1843 0                      
1844 14783                  
1845 0                      
1846 0                      
1847 14783                  
1848 0                      
1849 88698                  
1850 14783                  
1851 0                      
1852 0                      
1853 0                      
1854 0                      
1855 0                      
1856 14783                  
1857 0                      
1858 0                      
1859 14783                  
1860 0                      
1861 88698                  
1862 0                      
1863 0                      
1864 0                      
1865 0                      
1866 0                      
1867 0                      
1868 14783                  
1869 0                      
1870 0                      
1871 0                      
1872 0                      
1873 88698                  
1874 0                      
1875 0                      
1876 0                      
1877 0                      
1878 0                      
1879 0                      
1880 0                      
1881 0                      
1882 0                      
1883 0                      
1884 0                      
1885 0                      
1886 0                      
1887 0                      
1888 0                      
1889 0                      
1890 0                      
1891 0                      
1892 0                      
1893 0                      
1894 0                      
1895 0                      
1896 0                      
1897 0                      
1898 0                      
1899 0                      
1900 0                      
1901 0                      
1902 0                      
1903 0                      
1904 0                      
1905 0                      
1906 0                      
1907 0                      
1908 0                      
1909 0                      
1910 0                      
1911 0                      
1912 0                      
1913 0                      
1914 0                      
1915 0                      
1916 0                      
1917 0                      
1918 0                      
1919 0                      
1920 0                      
1921 0                      
1922 0                      
1923 0                      
1924 0                      
1925 0                      
1926 0                      
1927 0                      
1928 0                      
1929 0                      
1930 0                      
1931 0                      
1932 0                      
1933 0                      
1934 0                      
1935 0                      
1936 0                      
1937 0                      
1938 0                      
1939 0                      
1940 0                      
1941 0                      
1942 0                      
1943 0                      
1944 0                      
1945 0                      
1946 0                      
1947 0                      
1948 0                      
1949 0                      
1950 0                      
1951 0                      
1952 0                      
1953 0                      
1954 0                      
1955 0                      
1956 0                      
1957 0                      
1958 0                      
1959 0                      
1960 0                      
1961 0                      
1962 0                      
1963 0                      
1964 0                      
1965 0                      
1966 0                      
1967 0                      
1968 0                      
1969 0                      
1970 0                      
1971 0                      
1972 0                      
1973 0                      
1974 0                      
1975 0                      
1976 0                      
1977 0                      
1978 0                      
1979 0                      
1980 0                      
1981 0                      
1982 0                      
1983 0                      
1984 0                      
1985 0                      
1986 0                      
1987 0                      
1988 0                      
1989 0                      
1990 0                      
1991 0                      
1992 0                      
1993 0                      
1994 0                      
1995 0                      
1996 0                      
1997 0                      
1998 0                      
1999 0                      
2000 0                      
2001 0                      
2002 0                      
2003 0                      
2004 0                      
2005 0                      
2006 0                      
2007 0                      
2008 0                      
2009 0                      
2010 0                      
2011 0                      
2012 0                      
2013 0                      
2014 0                      
2015 0                      
2016 0                      
2017 0                      
2018 0                      
2019 0                      
2020 0                      
2021 0                      
2022 0                      
2023 0                      
2024 0                      
2025 0                      
2026 0                      
2027 0                      
2028 0                      
2029 0                      
2030 0                      
2031 0                      
2032 0                      
2033 0                      
2034 0                      
2035 0                      
2036 0                      
2037 0                      
2038 0                      
2039 0                      
2040 0                      
2041 0                      
2042 0                      
2043 0                      
2044 0                      
2045 0                      
2046 0                      
2047 0                      
2048 0                      
2049 0                      
2050 0                      
2051 0                      
2052 0                      
2053 0                      
2054 0                      
2055 0                      
2056 0                      
2057 0                      
2058 0                      
2059 0                      
2060 0                      
2061 0                      
2062 0                      
2063 0                      
2064 0                      
2065 0                      
2066 0                      
2067 0                      
2068 0                      
2069 0                      
2070 0                      
2071 0                      
2072 0                      
2073 0                      
2074 0                      
2075 0                      
2076 0                      
2077 0                      
2078 0                      
2079 0                      
2080 0                      
2081 0                      
2082 0                      
2083 0                      
2084 0                      
2085 0                      
2086 0                      
2087 0                      
2088 0                      
2089 0                      
2090 0                      
2091 0                      
2092 0                      
2093 0                      
2094 0                      
2095 0                      
2096 0                      
2097 0                      
2098 0                      
2099 0                      
2100 0                      
2101 0                      
2102 0                      
2103 0                      
2104 0                      
2105 0                      
2106 0                      
2107 0                      
2108 0                      
2109 0                      
2110 0                      
2111 0                      
2112 0                      
2113 0                      
2114 0                      
2115 0                      
2116 0                      
2117 0                      
2118 0                      
2119 0                      
2120 0                      
2121 0                      
2122 0                      
2123 0                      
2124 0                      
2125 0                      
2126 0                      
2127 0                      
2128 0                      
2129 0                      
2130 0                      
2131 0                      
2132 0                      
2133 0                      
2134 0                      
2135 0                      
2136 0                      
2137 0                      
2138 0                      
2139 0                      
2140 0                      
2141 0                      
2142 0                      
2143 0                      
2144 0                      
2145 0                      
2146 0                      
2147 0                      
2148 0                      
2149 0                      
2150 0                      
2151 0                      
2152 0                      
2153 0                      
2154 0                      
2155 0                      
2156 0                      
2157 0                      
2158 0                      
2159 0                      
2160 0                      
2161 0                      
2162 0                      
2163 0                      
2164 0                      
2165 0                      
2166 0                      
2167 0                      
2168 0                      
2169 0                      
2170 0                      
2171 0                      
2172 0                      
2173 0                      
2174 0                      
2175 0                      
2176 0                      
2177 0                      
2178 0                      
2179 0                      
2180 0                      
2181 0                      
2182 0                      
2183 0                      
2184 0                      
2185 0                      
2186 0                      
2187 0                      
2188 0                      
2189 0                      
2190 0                      
2191 0                      
2192 0                      
2193 0                      
2194 0                      
2195 0                      
2196 0                      
2197 0                      
2198 0                      
2199 0                      
2200 0                      
2201 0                      
2202 0                      
2203 0                      
2204 0                      
2205 0                      
2206 0                      
2207 0                      
2208 0                      
2209 0                      
2210 0                      
2211 0                      
2212 0                      
2213 0                      
2214 0                      
2215 0                      
2216 0                      
2217 0                      
2218 0                      
2219 0                      
2220 0                      
2221 0                      
2222 0                      
2223 0                      
2224 0                      
2225 0                      
2226 0                      
2227 0                      
2228 0                      
2229 0                      
2230 0                      
2231 0                      
2232 0                      
2233 0                      
2234 0                      
2235 0                      
2236 0                      
2237 0                      
2238 0                      
2239 0                      
2240 0                      
2241 0                      
2242 0                      
2243 0                      
2244 0                      
2245 0                      
2246 0                      
2247 0                      
2248 0                      
2249 0                      
2250 0                      
2251 0                      
2252 0                      
2253 0                      
2254 0                      
2255 0                      
2256 0                      
2257 0                      
2258 0                      
2259 0                      
2260 0                      
2261 0                      
2262 0                      
2263 0                      
2264 0                      
2265 0                      
2266 0                      
2267 0                      
2268 0                      
2269 0                      
2270 0                      
2271 0                      
2272 0                      
2273 0                      
2274 0                      
2275 0                      
2276 0                      
2277 0                      
2278 0                      
2279 0                      
2280 0                      
2281 0                      
2282 0                      
2283 0                      
2284 0                      
2285 0                      
2286 0                      
2287 0                      
2288 0                      
2289 0                      
2290 0                      
2291 0                      
2292 0                      
2293 0                      
2294 0                      
2295 0                      
2296 0                      
2297 0                      
2298 0                      
2299 0                      
2300 0                      
2301 0                      
2302 0                      
2303 0                      
2304 0                      
2305 0                      
2306 0                      
2307 0                      
2308 0                      
2309 0                      
2310 0                      
2311 0                      
2312 0                      
2313 0                      
2314 0                      
2315 0                      
2316 0                      
2317 0                      
2318 0                      
2319 0                      
2320 0                      
2321 0                      
2322 0                      
2323 0                      
2324 0                      
2325 0                      
2326 0                      
2327 0                      
2328 0                      
2329 0                      
2330 0                      
2331 0                      
2332 0                      
2333 0                      
2334 0                      
2335 0                      
2336 0                      
2337 0                      
2338 0                      
2339 0                      
2340 0                      
2341 0                      
2342 0                      
2343 0                      
2344 0                      
2345 0                      
2346 0                      
2347 0                      
2348 0                      
2349 0                      
2350 0                      
2351 0                      
2352 0                      
2353 0                      
2354 0                      
2355 0                      
2356 0                      
2357 0                      
2358 0                      
2359 0                      
2360 0                      
2361 0                      
2362 0                      
2363 0                      
2364 0                      
2365 0                      
2366 0                      
2367 0                      
2368 0                      
2369 0                      
2370 0                      
2371 0                      
2372 0                      
2373 0                      
2374 0                      
2375 0                      
2376 0                      
2377 0                      
2378 0                      
2379 0                      
2380 0                      
2381 0                      
2382 0                      
2383 0                      
2384 0                      
2385 0                      
2386 0                      
2387 0                      
2388 0                      
2389 0                      
2390 0                      
2391 0                      
2392 0                      
2393 0                      
2394 0                      
2395 0                      
2396 0                      
2397 0                      
2398 0                      
2399 0                      
