Time Quantity               
0    0                      
1    0                      
2    0                      
3    0                      
4    0                      
5    0                      
6    0                      
7    0                      
8    0                      
9    0                      
10   0                      
11   0                      
12   0                      
13   0                      
14   0                      
15   0                      
16   0                      
17   0                      
18   0                      
19   0                      
20   0                      
21   0                      
22   0                      
23   0                      
24   0                      
25   0                      
26   0                      
27   0                      
28   0                      
29   0                      
30   0                      
31   0                      
32   0                      
33   0                      
34   0                      
35   0                      
36   0                      
37   0                      
38   0                      
39   0                      
40   0                      
41   0                      
42   0                      
43   0                      
44   0                      
45   0                      
46   0                      
47   0                      
48   0                      
49   0                      
50   0                      
51   0                      
52   0                      
53   0                      
54   0                      
55   0                      
56   0                      
57   0                      
58   0                      
59   0                      
60   0                      
61   0                      
62   0                      
63   0                      
64   0                      
65   0                      
66   0                      
67   0                      
68   0                      
69   0                      
70   0                      
71   0                      
72   0                      
73   0                      
74   0                      
75   0                      
76   0                      
77   0                      
78   0                      
79   0                      
80   0                      
81   0                      
82   0                      
83   0                      
84   0                      
85   0                      
86   0                      
87   0                      
88   0                      
89   0                      
90   0                      
91   0                      
92   0                      
93   0                      
94   0                      
95   0                      
96   0                      
97   0                      
98   0                      
99   0                      
100  0                      
101  0                      
102  0                      
103  0                      
104  0                      
105  0                      
106  0                      
107  0                      
108  0                      
109  0                      
110  0                      
111  0                      
112  0                      
113  0                      
114  0                      
115  0                      
116  0                      
117  0                      
118  0                      
119  0                      
120  0                      
121  0                      
122  0                      
123  0                      
124  0                      
125  0                      
126  0                      
127  0                      
128  0                      
129  0                      
130  0                      
131  0                      
132  0                      
133  0                      
134  0                      
135  0                      
136  0                      
137  0                      
138  0                      
139  0                      
140  0                      
141  0                      
142  0                      
143  0                      
144  0                      
145  0                      
146  0                      
147  0                      
148  0                      
149  0                      
150  0                      
151  0                      
152  0                      
153  0                      
154  0                      
155  0                      
156  0                      
157  0                      
158  0                      
159  0                      
160  0                      
161  0                      
162  0                      
163  0                      
164  0                      
165  0                      
166  0                      
167  0                      
168  0                      
169  0                      
170  0                      
171  0                      
172  0                      
173  0                      
174  0                      
175  0                      
176  0                      
177  0                      
178  0                      
179  0                      
180  0                      
181  0                      
182  0                      
183  0                      
184  0                      
185  0                      
186  0                      
187  0                      
188  0                      
189  0                      
190  0                      
191  0                      
192  0                      
193  0                      
194  0                      
195  0                      
196  0                      
197  0                      
198  0                      
199  0                      
200  0                      
201  0                      
202  0                      
203  0                      
204  0                      
205  0                      
206  0                      
207  0                      
208  0                      
209  0                      
210  0                      
211  0                      
212  0                      
213  0                      
214  0                      
215  0                      
216  0                      
217  0                      
218  0                      
219  0                      
220  0                      
221  0                      
222  0                      
223  0                      
224  0                      
225  0                      
226  0                      
227  0                      
228  0                      
229  0                      
230  0                      
231  0                      
232  0                      
233  0                      
234  0                      
235  0                      
236  0                      
237  0                      
238  0                      
239  0                      
240  0                      
241  0                      
242  0                      
243  0                      
244  0                      
245  0                      
246  0                      
247  0                      
248  0                      
249  0                      
250  0                      
251  0                      
252  0                      
253  0                      
254  0                      
255  0                      
256  0                      
257  0                      
258  0                      
259  0                      
260  0                      
261  0                      
262  0                      
263  0                      
264  0                      
265  0                      
266  0                      
267  0                      
268  0                      
269  0                      
270  0                      
271  0                      
272  0                      
273  0                      
274  0                      
275  0                      
276  0                      
277  0                      
278  0                      
279  0                      
280  0                      
281  0                      
282  0                      
283  0                      
284  0                      
285  0                      
286  0                      
287  0                      
288  0                      
289  0                      
290  0                      
291  0                      
292  0                      
293  0                      
294  0                      
295  0                      
296  0                      
297  0                      
298  0                      
299  0                      
300  0                      
301  0                      
302  0                      
303  0                      
304  0                      
305  0                      
306  0                      
307  0                      
308  0                      
309  0                      
310  0                      
311  0                      
312  0                      
313  0                      
314  0                      
315  0                      
316  0                      
317  0                      
318  0                      
319  0                      
320  0                      
321  0                      
322  0                      
323  0                      
324  0                      
325  0                      
326  0                      
327  0                      
328  0                      
329  0                      
330  0                      
331  0                      
332  0                      
333  0                      
334  0                      
335  0                      
336  0                      
337  0                      
338  0                      
339  0                      
340  0                      
341  0                      
342  0                      
343  0                      
344  0                      
345  0                      
346  0                      
347  0                      
348  0                      
349  0                      
350  0                      
351  0                      
352  0                      
353  0                      
354  0                      
355  0                      
356  0                      
357  0                      
358  0                      
359  0                      
360  0                      
361  0                      
362  0                      
363  0                      
364  0                      
365  0                      
366  0                      
367  0                      
368  0                      
369  0                      
370  0                      
371  0                      
372  0                      
373  0                      
374  0                      
375  0                      
376  0                      
377  0                      
378  0                      
379  0                      
380  0                      
381  0                      
382  0                      
383  0                      
384  0                      
385  0                      
386  0                      
387  0                      
388  0                      
389  0                      
390  0                      
391  0                      
392  0                      
393  0                      
394  0                      
395  0                      
396  0                      
397  0                      
398  0                      
399  0                      
400  0                      
401  0                      
402  0                      
403  0                      
404  0                      
405  0                      
406  0                      
407  0                      
408  0                      
409  0                      
410  0                      
411  0                      
412  0                      
413  0                      
414  0                      
415  0                      
416  0                      
417  0                      
418  0                      
419  0                      
420  0                      
421  0                      
422  0                      
423  0                      
424  0                      
425  0                      
426  0                      
427  0                      
428  0                      
429  0                      
430  0                      
431  0                      
432  0                      
433  0                      
434  0                      
435  0                      
436  0                      
437  0                      
438  0                      
439  0                      
440  0                      
441  0                      
442  0                      
443  0                      
444  0                      
445  0                      
446  0                      
447  0                      
448  0                      
449  0                      
450  0                      
451  0                      
452  0                      
453  0                      
454  0                      
455  0                      
456  0                      
457  0                      
458  0                      
459  0                      
460  0                      
461  0                      
462  0                      
463  0                      
464  0                      
465  0                      
466  0                      
467  0                      
468  0                      
469  0                      
470  0                      
471  0                      
472  0                      
473  0                      
474  0                      
475  0                      
476  0                      
477  0                      
478  0                      
479  0                      
480  0                      
481  0                      
482  0                      
483  0                      
484  0                      
485  0                      
486  0                      
487  0                      
488  0                      
489  0                      
490  0                      
491  0                      
492  0                      
493  0                      
494  0                      
495  0                      
496  0                      
497  0                      
498  0                      
499  0                      
500  0                      
501  0                      
502  0                      
503  0                      
504  0                      
505  0                      
506  0                      
507  0                      
508  0                      
509  0                      
510  0                      
511  0                      
512  0                      
513  0                      
514  0                      
515  0                      
516  0                      
517  0                      
518  0                      
519  0                      
520  0                      
521  0                      
522  0                      
523  0                      
524  0                      
525  0                      
526  0                      
527  0                      
528  0                      
529  0                      
530  0                      
531  0                      
532  0                      
533  0                      
534  0                      
535  0                      
536  0                      
537  0                      
538  0                      
539  0                      
540  0                      
541  0                      
542  0                      
543  0                      
544  0                      
545  0                      
546  0                      
547  0                      
548  0                      
549  0                      
550  0                      
551  0                      
552  0                      
553  0                      
554  0                      
555  0                      
556  0                      
557  0                      
558  0                      
559  0                      
560  0                      
561  0                      
562  0                      
563  0                      
564  0                      
565  0                      
566  0                      
567  0                      
568  0                      
569  0                      
570  0                      
571  0                      
572  0                      
573  0                      
574  0                      
575  0                      
576  0                      
577  0                      
578  0                      
579  15048.000000000004     
580  0                      
581  0                      
582  0                      
583  0                      
584  0                      
585  0                      
586  0                      
587  0                      
588  0                      
589  0                      
590  0                      
591  0                      
592  15048.000000000004     
593  0                      
594  0                      
595  0                      
596  0                      
597  0                      
598  0                      
599  0                      
600  0                      
601  0                      
602  0                      
603  0                      
604  0                      
605  15048.000000000004     
606  0                      
607  0                      
608  0                      
609  0                      
610  0                      
611  0                      
612  0                      
613  0                      
614  0                      
615  0                      
616  0                      
617  0                      
618  15048.000000000004     
619  0                      
620  0                      
621  0                      
622  0                      
623  0                      
624  0                      
625  0                      
626  0                      
627  0                      
628  0                      
629  0                      
630  0                      
631  15048.000000000004     
632  0                      
633  0                      
634  0                      
635  0                      
636  0                      
637  0                      
638  0                      
639  15048.000000000004     
640  0                      
641  0                      
642  0                      
643  0                      
644  15048.000000000004     
645  0                      
646  0                      
647  0                      
648  0                      
649  0                      
650  0                      
651  0                      
652  15048.000000000004     
653  0                      
654  0                      
655  0                      
656  0                      
657  15048.000000000004     
658  0                      
659  0                      
660  0                      
661  0                      
662  0                      
663  0                      
664  0                      
665  15048.000000000004     
666  0                      
667  0                      
668  0                      
669  0                      
670  15048.000000000004     
671  0                      
672  0                      
673  0                      
674  0                      
675  15048.000000000004     
676  0                      
677  0                      
678  15048.000000000004     
679  0                      
680  0                      
681  0                      
682  0                      
683  15048.000000000004     
684  0                      
685  0                      
686  0                      
687  0                      
688  15048.000000000004     
689  0                      
690  0                      
691  15048.000000000004     
692  0                      
693  0                      
694  0                      
695  0                      
696  15048.000000000004     
697  0                      
698  0                      
699  15048.000000000002     
700  0                      
701  15048.000000000004     
702  0                      
703  0                      
704  15048.000000000004     
705  0                      
706  0                      
707  0                      
708  0                      
709  15048.000000000004     
710  0                      
711  0                      
712  15048.000000000002     
713  0                      
714  15048.000000000004     
715  0                      
716  0                      
717  15048.000000000004     
718  0                      
719  0                      
720  0                      
721  0                      
722  15048.000000000004     
723  15048.000000000004     
724  0                      
725  15048.000000000002     
726  0                      
727  15048.000000000004     
728  0                      
729  0                      
730  15048.000000000004     
731  0                      
732  0                      
733  0                      
734  0                      
735  15048.000000000004     
736  15048.000000000004     
737  0                      
738  15048.000000000002     
739  0                      
740  15048.000000000004     
741  0                      
742  0                      
743  15048.000000000004     
744  0                      
745  0                      
746  0                      
747  15048.000000000004     
748  15048.000000000004     
749  15048.000000000004     
750  0                      
751  15048.000000000002     
752  0                      
753  15048.000000000002     
754  0                      
755  0                      
756  15048.000000000004     
757  0                      
758  0                      
759  0                      
760  15048.000000000004     
761  15048.000000000004     
762  15048.000000000004     
763  0                      
764  15048.000000000004     
765  0                      
766  15048.000000000004     
767  0                      
768  0                      
769  15048.000000000004     
770  0                      
771  15048.000000000004     
772  0                      
773  15048.000000000004     
774  15048.000000000004     
775  15048.000000000004     
776  0                      
777  15048.000000000004     
778  0                      
779  15048.000000000004     
780  0                      
781  0                      
782  15048.000000000004     
783  0                      
784  15048.000000000004     
785  0                      
786  15048.000000000004     
787  15048.000000000004     
788  15048.000000000004     
789  0                      
790  15048.000000000004     
791  0                      
792  15048.000000000004     
793  0                      
794  0                      
795  30096.000000000007     
796  0                      
797  15048.000000000004     
798  0                      
799  15048.000000000004     
800  15048.000000000004     
801  15048.000000000004     
802  0                      
803  15048.000000000004     
804  0                      
805  15048.000000000004     
806  0                      
807  15048.000000000004     
808  30096.000000000007     
809  0                      
810  15048.000000000004     
811  0                      
812  15048.000000000004     
813  15048.000000000004     
814  15048.000000000004     
815  0                      
816  15048.000000000004     
817  0                      
818  15048.000000000004     
819  15048.000000000004     
820  15048.000000000004     
821  30096.000000000007     
822  0                      
823  15048.000000000004     
824  0                      
825  15048.000000000004     
826  15048.000000000004     
827  15048.000000000004     
828  0                      
829  15048.000000000004     
830  0                      
831  30096.000000000007     
832  15048.000000000004     
833  15048.000000000004     
834  30096.000000000007     
835  0                      
836  15048.000000000004     
837  0                      
838  15048.000000000004     
839  15048.000000000004     
840  15048.000000000004     
841  0                      
842  15048.000000000004     
843  15048.000000000004     
844  30096.000000000007     
845  15048.000000000004     
846  15048.000000000004     
847  30096.000000000007     
848  0                      
849  15048.000000000004     
850  0                      
851  15048.000000000004     
852  15048.000000000004     
853  15048.000000000004     
854  0                      
855  22572.000000000004     
856  15048.000000000004     
857  30096.000000000007     
858  15048.000000000004     
859  15048.000000000004     
860  30096.000000000007     
861  0                      
862  15048.000000000004     
863  0                      
864  15048.000000000004     
865  15048.000000000004     
866  15048.000000000004     
867  15048.000000000004     
868  22572.000000000004     
869  15048.000000000004     
870  30096.000000000007     
871  15048.000000000004     
872  15048.000000000004     
873  30096.000000000007     
874  0                      
875  15048.000000000004     
876  0                      
877  15048.000000000004     
878  15048.000000000004     
879  30096.000000000007     
880  15048.000000000004     
881  22572.000000000004     
882  15048.000000000004     
883  30096.000000000007     
884  15048.000000000004     
885  15048.000000000004     
886  30096.000000000007     
887  0                      
888  15048.000000000004     
889  0                      
890  15048.000000000004     
891  30096.000000000007     
892  30096.000000000007     
893  15048.000000000004     
894  22572.000000000004     
895  15048.000000000004     
896  30096.000000000007     
897  15048.000000000004     
898  15048.000000000004     
899  30096.000000000007     
900  0                      
901  15048.000000000004     
902  0                      
903  30096.000000000007     
904  30096.000000000007     
905  30096.000000000007     
906  15048.000000000004     
907  22572.000000000004     
908  15048.000000000004     
909  30096.000000000007     
910  15048.000000000004     
911  15048.000000000004     
912  30096.000000000007     
913  0                      
914  15048.000000000004     
915  15048.000000000004     
916  30096.000000000007     
917  30096.000000000007     
918  30096.000000000007     
919  15048.000000000004     
920  22572.000000000004     
921  15048.000000000004     
922  30096.000000000007     
923  15048.000000000004     
924  15048.000000000004     
925  30096.000000000007     
926  0                      
927  37620.00000000001      
928  15048.000000000004     
929  30096.000000000007     
930  30096.000000000007     
931  30096.000000000007     
932  15048.000000000004     
933  22572.000000000004     
934  15048.000000000004     
935  30096.000000000007     
936  15048.000000000004     
937  15048.000000000004     
938  30096.000000000007     
939  30096.000000000007     
940  37620.00000000001      
941  15048.000000000004     
942  30096.000000000007     
943  30096.000000000007     
944  30096.000000000007     
945  15048.000000000004     
946  22572.000000000004     
947  15048.000000000004     
948  30096.000000000007     
949  15048.000000000004     
950  15048.000000000004     
951  67716                  
952  30096.000000000007     
953  37620.00000000001      
954  15048.000000000004     
955  30096.000000000007     
956  30096.000000000007     
957  30096.000000000007     
958  15048.000000000004     
959  22572.000000000004     
960  15048.000000000004     
961  30096.000000000007     
962  15048.000000000004     
963  52668                  
964  67716                  
965  30096.000000000007     
966  37620.00000000001      
967  15048.000000000004     
968  30096.000000000007     
969  30096.000000000007     
970  30096.000000000007     
971  15048.000000000004     
972  22572.000000000004     
973  15048.000000000004     
974  30096.000000000007     
975  52668                  
976  52668                  
977  67716                  
978  30096.000000000007     
979  37620.00000000001      
980  15048.000000000004     
981  30096.000000000007     
982  30096.000000000007     
983  30096.000000000007     
984  15048.000000000004     
985  22572.000000000004     
986  15048.000000000004     
987  67716                  
988  52668                  
989  52668                  
990  67716                  
991  30096.000000000007     
992  37620.00000000001      
993  15048.000000000004     
994  30096.000000000007     
995  30096.000000000007     
996  30096.000000000007     
997  15048.000000000004     
998  22572.000000000004     
999  52668                  
1000 67716                  
1001 52668                  
1002 52668                  
1003 67716                  
1004 30096.000000000007     
1005 37620.00000000001      
1006 15048.000000000004     
1007 30096.000000000007     
1008 30096.000000000007     
1009 30096.000000000007     
1010 15048.000000000004     
1011 60192.000000000015     
1012 52668                  
1013 67716                  
1014 52668                  
1015 52668                  
1016 67716                  
1017 30096.000000000007     
1018 37620.00000000001      
1019 15048.000000000004     
1020 30096.000000000007     
1021 30096.000000000007     
1022 30096.000000000007     
1023 52668                  
1024 60192.000000000015     
1025 52668                  
1026 67716                  
1027 52668                  
1028 52668                  
1029 67716                  
1030 30096.000000000007     
1031 37620.00000000001      
1032 15048.000000000004     
1033 30096.000000000007     
1034 30096.000000000007     
1035 67716                  
1036 52668                  
1037 60192.000000000015     
1038 52668                  
1039 67716                  
1040 52668                  
1041 52668                  
1042 67716                  
1043 30096.000000000007     
1044 37620.00000000001      
1045 15048.000000000004     
1046 30096.000000000007     
1047 67716                  
1048 67716                  
1049 52668                  
1050 60192.000000000015     
1051 52668                  
1052 67716                  
1053 52668                  
1054 52668                  
1055 67716                  
1056 30096.000000000007     
1057 37620.00000000001      
1058 15048.000000000004     
1059 75240.00000000001      
1060 67716                  
1061 67716                  
1062 52668                  
1063 60192.000000000015     
1064 52668                  
1065 67716                  
1066 52668                  
1067 52668                  
1068 67716                  
1069 30096.000000000007     
1070 37620.00000000001      
1071 52668                  
1072 75240.00000000001      
1073 67716                  
1074 67716                  
1075 52668                  
1076 60192.000000000015     
1077 52668                  
1078 67716                  
1079 52668                  
1080 52668                  
1081 67716                  
1082 30096.000000000007     
1083 75240.00000000001      
1084 52668                  
1085 75240.00000000001      
1086 67716                  
1087 67716                  
1088 52668                  
1089 60192.000000000015     
1090 52668                  
1091 67716                  
1092 52668                  
1093 52668                  
1094 67716                  
1095 75240.00000000001      
1096 75240.00000000001      
1097 52668                  
1098 75240.00000000001      
1099 67716                  
1100 67716                  
1101 52668                  
1102 60192.000000000015     
1103 52668                  
1104 67716                  
1105 52668                  
1106 52668                  
1107 105336                 
1108 75240.00000000001      
1109 75240.00000000001      
1110 52668                  
1111 75240.00000000001      
1112 67716                  
1113 67716                  
1114 52668                  
1115 60192.000000000015     
1116 52668                  
1117 67716                  
1118 52668                  
1119 90288.00000000001      
1120 105336                 
1121 75240.00000000001      
1122 75240.00000000001      
1123 52668                  
1124 75240.00000000001      
1125 67716                  
1126 67716                  
1127 52668                  
1128 60192.000000000015     
1129 52668                  
1130 67716                  
1131 112860                 
1132 90288.00000000001      
1133 105336                 
1134 75240.00000000001      
1135 75240.00000000001      
1136 52668                  
1137 75240.00000000001      
1138 67716                  
1139 67716                  
1140 52668                  
1141 60192.000000000015     
1142 52668                  
1143 127908.00000000003     
1144 112860                 
1145 90288.00000000001      
1146 105336                 
1147 75240.00000000001      
1148 75240.00000000001      
1149 52668                  
1150 75240.00000000001      
1151 67716                  
1152 67716                  
1153 52668                  
1154 60192.000000000015     
1155 120384.00000000003     
1156 127908.00000000003     
1157 112860                 
1158 90288.00000000001      
1159 105336                 
1160 75240.00000000001      
1161 75240.00000000001      
1162 52668                  
1163 75240.00000000001      
1164 67716                  
1165 67716                  
1166 52668                  
1167 120384.00000000003     
1168 120384.00000000003     
1169 127908.00000000003     
1170 112860                 
1171 90288.00000000001      
1172 105336                 
1173 75240.00000000001      
1174 75240.00000000001      
1175 52668                  
1176 75240.00000000001      
1177 67716                  
1178 67716                  
1179 120384.00000000003     
1180 120384.00000000003     
1181 120384.00000000003     
1182 127908.00000000003     
1183 112860                 
1184 90288.00000000001      
1185 105336                 
1186 75240.00000000001      
1187 75240.00000000001      
1188 52668                  
1189 75240.00000000001      
1190 67716                  
1191 120384.00000000003     
1192 120384.00000000003     
1193 120384.00000000003     
1194 120384.00000000003     
1195 127908.00000000003     
1196 112860                 
1197 90288.00000000001      
1198 105336                 
1199 75240.00000000001      
1200 75240.00000000001      
1201 52668                  
1202 75240.00000000001      
1203 135432                 
1204 120384.00000000003     
1205 120384.00000000003     
1206 120384.00000000003     
1207 120384.00000000003     
1208 127908.00000000003     
1209 112860                 
1210 90288.00000000001      
1211 105336                 
1212 75240.00000000001      
1213 75240.00000000001      
1214 52668                  
1215 142956.00000000003     
1216 135432                 
1217 120384.00000000003     
1218 120384.00000000003     
1219 120384.00000000003     
1220 120384.00000000003     
1221 127908.00000000003     
1222 112860                 
1223 90288.00000000001      
1224 105336                 
1225 75240.00000000001      
1226 75240.00000000001      
1227 112860                 
1228 142956.00000000003     
1229 135432                 
1230 120384.00000000003     
1231 120384.00000000003     
1232 120384.00000000003     
1233 120384.00000000003     
1234 127908.00000000003     
1235 112860                 
1236 90288.00000000001      
1237 105336                 
1238 75240.00000000001      
1239 135432                 
1240 112860                 
1241 142956.00000000003     
1242 135432                 
1243 120384.00000000003     
1244 120384.00000000003     
1245 120384.00000000003     
1246 120384.00000000003     
1247 127908.00000000003     
1248 112860                 
1249 90288.00000000001      
1250 105336                 
1251 165528.00000000003     
1252 135432                 
1253 112860                 
1254 142956.00000000003     
1255 135432                 
1256 120384.00000000003     
1257 120384.00000000003     
1258 120384.00000000003     
1259 120384.00000000003     
1260 127908.00000000003     
1261 112860                 
1262 90288.00000000001      
1263 165528.00000000003     
1264 165528.00000000003     
1265 135432                 
1266 112860                 
1267 142956.00000000003     
1268 135432                 
1269 120384.00000000003     
1270 120384.00000000003     
1271 120384.00000000003     
1272 120384.00000000003     
1273 127908.00000000003     
1274 112860                 
1275 165528.00000000003     
1276 165528.00000000003     
1277 165528.00000000003     
1278 135432                 
1279 112860                 
1280 142956.00000000003     
1281 135432                 
1282 120384.00000000003     
1283 120384.00000000003     
1284 120384.00000000003     
1285 120384.00000000003     
1286 127908.00000000003     
1287 173052.00000000003     
1288 165528.00000000003     
1289 165528.00000000003     
1290 165528.00000000003     
1291 135432                 
1292 112860                 
1293 142956.00000000003     
1294 135432                 
1295 120384.00000000003     
1296 120384.00000000003     
1297 120384.00000000003     
1298 120384.00000000003     
1299 248292.00000000003     
1300 173052.00000000003     
1301 165528.00000000003     
1302 165528.00000000003     
1303 165528.00000000003     
1304 135432                 
1305 112860                 
1306 142956.00000000003     
1307 135432                 
1308 120384.00000000003     
1309 120384.00000000003     
1310 120384.00000000003     
1311 225720                 
1312 248292.00000000003     
1313 173052.00000000003     
1314 165528.00000000003     
1315 165528.00000000003     
1316 165528.00000000003     
1317 135432                 
1318 112860                 
1319 142956.00000000003     
1320 135432                 
1321 120384.00000000003     
1322 120384.00000000003     
1323 240768.00000000006     
1324 225720                 
1325 248292.00000000003     
1326 173052.00000000003     
1327 165528.00000000003     
1328 165528.00000000003     
1329 165528.00000000003     
1330 135432                 
1331 112860                 
1332 142956.00000000003     
1333 135432                 
1334 120384.00000000003     
1335 248292.00000000003     
1336 240768.00000000006     
1337 225720                 
1338 248292.00000000003     
1339 173052.00000000003     
1340 165528.00000000003     
1341 165528.00000000003     
1342 165528.00000000003     
1343 135432                 
1344 112860                 
1345 142956.00000000003     
1346 135432                 
1347 248292.00000000003     
1348 248292.00000000003     
1349 240768.00000000006     
1350 225720                 
1351 248292.00000000003     
1352 173052.00000000003     
1353 165528.00000000003     
1354 165528.00000000003     
1355 165528.00000000003     
1356 135432                 
1357 112860                 
1358 142956.00000000003     
1359 240768.00000000006     
1360 248292.00000000003     
1361 248292.00000000003     
1362 240768.00000000006     
1363 225720                 
1364 248292.00000000003     
1365 173052.00000000003     
1366 165528.00000000003     
1367 165528.00000000003     
1368 165528.00000000003     
1369 135432                 
1370 112860                 
1371 263340.00000000006     
1372 240768.00000000006     
1373 248292.00000000003     
1374 248292.00000000003     
1375 240768.00000000006     
1376 225720                 
1377 248292.00000000003     
1378 173052.00000000003     
1379 165528.00000000003     
1380 165528.00000000003     
1381 165528.00000000003     
1382 135432                 
1383 225720                 
1384 263340.00000000006     
1385 240768.00000000006     
1386 248292.00000000003     
1387 248292.00000000003     
1388 240768.00000000006     
1389 225720                 
1390 248292.00000000003     
1391 173052.00000000003     
1392 165528.00000000003     
1393 165528.00000000003     
1394 165528.00000000003     
1395 278388.00000000006     
1396 225720                 
1397 263340.00000000006     
1398 240768.00000000006     
1399 248292.00000000003     
1400 248292.00000000003     
1401 240768.00000000006     
1402 225720                 
1403 248292.00000000003     
1404 173052.00000000003     
1405 165528.00000000003     
1406 165528.00000000003     
1407 278388.00000000006     
1408 278388.00000000006     
1409 225720                 
1410 263340.00000000006     
1411 240768.00000000006     
1412 248292.00000000003     
1413 248292.00000000003     
1414 240768.00000000006     
1415 225720                 
1416 248292.00000000003     
1417 173052.00000000003     
1418 165528.00000000003     
1419 293436.00000000006     
1420 278388.00000000006     
1421 278388.00000000006     
1422 225720                 
1423 263340.00000000006     
1424 240768.00000000006     
1425 248292.00000000003     
1426 248292.00000000003     
1427 240768.00000000006     
1428 225720                 
1429 248292.00000000003     
1430 173052.00000000003     
1431 293436.00000000006     
1432 293436.00000000006     
1433 278388.00000000006     
1434 278388.00000000006     
1435 225720                 
1436 263340.00000000006     
1437 240768.00000000006     
1438 248292.00000000003     
1439 248292.00000000003     
1440 240768.00000000006     
1441 225720                 
1442 248292.00000000003     
1443 300960.00000000006     
1444 293436.00000000006     
1445 293436.00000000006     
1446 278388.00000000006     
1447 278388.00000000006     
1448 225720                 
1449 263340.00000000006     
1450 240768.00000000006     
1451 248292.00000000003     
1452 248292.00000000003     
1453 240768.00000000006     
1454 225720                 
1455 361152.00000000006     
1456 300960.00000000006     
1457 293436.00000000006     
1458 293436.00000000006     
1459 278388.00000000006     
1460 278388.00000000006     
1461 225720                 
1462 263340.00000000006     
1463 240768.00000000006     
1464 248292.00000000003     
1465 248292.00000000003     
1466 240768.00000000006     
1467 353628.00000000006     
1468 361152.00000000006     
1469 300960.00000000006     
1470 293436.00000000006     
1471 293436.00000000006     
1472 278388.00000000006     
1473 278388.00000000006     
1474 225720                 
1475 263340.00000000006     
1476 240768.00000000006     
1477 248292.00000000003     
1478 248292.00000000003     
1479 368676.0000000001      
1480 353628.00000000006     
1481 361152.00000000006     
1482 300960.00000000006     
1483 293436.00000000006     
1484 293436.00000000006     
1485 278388.00000000006     
1486 278388.00000000006     
1487 225720                 
1488 263340.00000000006     
1489 240768.00000000006     
1490 248292.00000000003     
1491 383724.00000000006     
1492 368676.0000000001      
1493 353628.00000000006     
1494 361152.00000000006     
1495 300960.00000000006     
1496 293436.00000000006     
1497 293436.00000000006     
1498 278388.00000000006     
1499 278388.00000000006     
1500 225720                 
1501 263340.00000000006     
1502 240768.00000000006     
1503 361152.00000000006     
1504 383724.00000000006     
1505 368676.0000000001      
1506 353628.00000000006     
1507 361152.00000000006     
1508 300960.00000000006     
1509 293436.00000000006     
1510 293436.00000000006     
1511 278388.00000000006     
1512 278388.00000000006     
1513 225720                 
1514 263340.00000000006     
1515 391248                 
1516 361152.00000000006     
1517 383724.00000000006     
1518 368676.0000000001      
1519 353628.00000000006     
1520 361152.00000000006     
1521 300960.00000000006     
1522 293436.00000000006     
1523 293436.00000000006     
1524 278388.00000000006     
1525 353628                 
1526 225720                 
1527 376200.00000000006     
1528 376200.00000000006     
1529 361152.00000000006     
1530 383724.00000000006     
1531 368676.0000000001      
1532 353628.00000000006     
1533 361152.00000000006     
1534 300960.00000000006     
1535 293436.00000000006     
1536 293436.00000000006     
1537 278388.00000000006     
1538 278388.00000000006     
1539 376200.00000000006     
1540 376200.00000000006     
1541 376200.00000000006     
1542 361152.00000000006     
1543 383724.00000000006     
1544 368676.0000000001      
1545 353628.00000000006     
1546 361152.00000000006     
1547 300960.00000000006     
1548 293436.00000000006     
1549 293436.00000000006     
1550 278388.00000000006     
1551 391248                 
1552 376200.00000000006     
1553 376200.00000000006     
1554 376200.00000000006     
1555 361152.00000000006     
1556 383724.00000000006     
1557 368676.0000000001      
1558 353628.00000000006     
1559 361152.00000000006     
1560 300960.00000000006     
1561 293436.00000000006     
1562 293436.00000000006     
1563 436392.00000000006     
1564 391248                 
1565 376200.00000000006     
1566 376200.00000000006     
1567 376200.00000000006     
1568 361152.00000000006     
1569 383724.00000000006     
1570 368676.0000000001      
1571 353628.00000000006     
1572 361152.00000000006     
1573 300960.00000000006     
1574 293436.00000000006     
1575 406296.00000000006     
1576 436392.00000000006     
1577 391248                 
1578 376200.00000000006     
1579 376200.00000000006     
1580 376200.00000000006     
1581 361152.00000000006     
1582 383724.00000000006     
1583 368676.0000000001      
1584 353628.00000000006     
1585 436392.0000000001      
1586 300960.00000000006     
1587 451440                 
1588 391248                 
1589 436392.00000000006     
1590 391248                 
1591 376200.00000000006     
1592 376200.00000000006     
1593 376200.00000000006     
1594 361152.00000000006     
1595 383724.00000000006     
1596 368676.0000000001      
1597 353628.00000000006     
1598 361152.00000000006     
1599 421344                 
1600 451439.99999999994     
1601 391248                 
1602 436392                 
1603 391248                 
1604 376200.00000000006     
1605 376200.00000000006     
1606 376200.00000000006     
1607 361152.00000000006     
1608 383724.00000000006     
1609 368676.0000000001      
1610 353628                 
1611 511632.0000000001      
1612 421344                 
1613 451440                 
1614 391248                 
1615 436392.00000000006     
1616 391248                 
1617 376200.00000000006     
1618 376200.00000000006     
1619 376200.00000000006     
1620 361152.00000000006     
1621 458964.00000000006     
1622 368676.0000000001      
1623 474012.00000000006     
1624 496584.00000000006     
1625 421344                 
1626 451440                 
1627 391248                 
1628 436392.00000000006     
1629 391248                 
1630 376200.00000000006     
1631 376200.00000000006     
1632 376200.00000000006     
1633 361152.00000000006     
1634 383724.00000000006     
1635 519156                 
1636 474012.00000000006     
1637 496584.00000000006     
1638 421344                 
1639 451440                 
1640 391248                 
1641 436392.00000000006     
1642 391248                 
1643 376200.00000000006     
1644 376200.00000000006     
1645 451440                 
1646 361152.00000000006     
1647 526680.0000000001      
1648 504108.00000000006     
1649 474012.00000000006     
1650 496584.00000000006     
1651 421344                 
1652 451440                 
1653 391248                 
1654 436392.00000000006     
1655 391248                 
1656 376200.00000000006     
1657 376200.00000000006     
1658 376200.00000000006     
1659 496584.00000000006     
1660 526680.0000000001      
1661 504108.00000000006     
1662 474012.00000000006     
1663 496584.00000000006     
1664 421344                 
1665 451440                 
1666 391248                 
1667 436392.00000000006     
1668 391248                 
1669 451440                 
1670 376200.00000000006     
1671 511632.0000000001      
1672 481536.0000000001      
1673 526680.0000000001      
1674 504108.00000000006     
1675 474012.00000000006     
1676 496584.00000000006     
1677 421344                 
1678 451440                 
1679 391248                 
1680 436392.00000000006     
1681 391248                 
1682 376200.00000000006     
1683 534204.0000000001      
1684 511632.0000000001      
1685 481536.0000000001      
1686 526680.0000000001      
1687 504108.00000000006     
1688 474012.00000000006     
1689 496584.00000000006     
1690 421344                 
1691 451440                 
1692 391248                 
1693 511632.0000000002      
1694 391248                 
1695 496584.00000000006     
1696 519156                 
1697 511632.0000000001      
1698 481536.0000000001      
1699 526680.0000000001      
1700 504108.00000000006     
1701 474012.00000000006     
1702 496584.00000000006     
1703 421344                 
1704 451440                 
1705 391248                 
1706 436392.00000000006     
1707 549252.0000000001      
1708 496584.00000000006     
1709 519156                 
1710 511632.0000000001      
1711 481536.0000000001      
1712 526680.0000000001      
1713 504108.00000000006     
1714 474012.00000000006     
1715 496584.00000000006     
1716 421344                 
1717 526680.0000000001      
1718 391248                 
1719 579348.0000000001      
1720 534204.0000000001      
1721 496584.00000000006     
1722 519156                 
1723 511632.0000000001      
1724 481536.0000000001      
1725 526680.0000000001      
1726 504108.00000000006     
1727 474012.00000000006     
1728 496584.00000000006     
1729 421344                 
1730 451440                 
1731 534204.0000000001      
1732 579348.0000000001      
1733 534204.0000000001      
1734 496584.00000000006     
1735 519156                 
1736 511632.0000000001      
1737 481536.0000000001      
1738 526680.0000000001      
1739 504108.00000000006     
1740 474012.00000000006     
1741 571824.0000000001      
1742 421344                 
1743 594396                 
1744 519156                 
1745 579348.0000000001      
1746 534204.0000000001      
1747 496584.00000000006     
1748 519156                 
1749 511632.0000000001      
1750 481536.0000000001      
1751 526680.0000000001      
1752 504108.00000000006     
1753 549252.0000000002      
1754 496584.00000000006     
1755 586872.0000000001      
1756 579348.0000000001      
1757 519156                 
1758 579348.0000000001      
1759 534204.0000000001      
1760 496584.00000000006     
1761 519156                 
1762 511632.0000000001      
1763 481536.0000000001      
1764 526680.0000000001      
1765 579348.0000000001      
1766 474012.00000000006     
1767 632016.0000000001      
1768 571824.0000000001      
1769 579348.0000000001      
1770 519156                 
1771 579348.0000000001      
1772 534204.0000000001      
1773 496584.00000000006     
1774 519156                 
1775 511632.0000000001      
1776 481536.0000000001      
1777 601920.0000000002      
1778 504108.00000000006     
1779 586872.0000000001      
1780 616968.0000000001      
1781 571824.0000000001      
1782 579348.0000000001      
1783 519156                 
1784 579348                 
1785 534204.0000000001      
1786 496584.00000000006     
1787 519156                 
1788 511632.0000000001      
1789 556776.0000000001      
1790 526680.0000000001      
1791 609444.0000000001      
1792 571824.0000000001      
1793 616968.0000000001      
1794 571824.0000000001      
1795 579348.0000000001      
1796 519156                 
1797 579348.0000000001      
1798 534204.0000000001      
1799 496584.00000000006     
1800 519156                 
1801 549252.0000000001      
1802 481536.0000000001      
1803 639540.0000000001      
1804 601920.0000000001      
1805 571824.0000000001      
1806 616968.0000000001      
1807 571824.0000000001      
1808 579348.0000000001      
1809 519156                 
1810 579348.0000000001      
1811 534204.0000000001      
1812 496584.00000000006     
1813 594396.0000000001      
1814 511632.0000000001      
1815 579348.0000000001      
1816 624492                 
1817 601920.0000000001      
1818 571824.0000000001      
1819 616968.0000000001      
1820 571824.0000000001      
1821 579348.0000000001      
1822 519156                 
1823 579348.0000000001      
1824 534204.0000000001      
1825 571824.0000000001      
1826 519156                 
1827 616968.0000000001      
1828 564300.0000000001      
1829 624492                 
1830 601920.0000000001      
1831 571824.0000000001      
1832 616968.0000000001      
1833 571824.0000000001      
1834 579348.0000000001      
1835 519156                 
1836 579348.0000000001      
1837 609444.0000000001      
1838 496584.00000000006     
1839 632016.0000000001      
1840 601920.0000000001      
1841 564300.0000000001      
1842 624492                 
1843 601920.0000000001      
1844 571824.0000000001      
1845 616968.0000000001      
1846 571824.0000000001      
1847 579348.0000000001      
1848 519156                 
1849 654588.0000000001      
1850 534204.0000000001      
1851 601920.0000000001      
1852 616968.0000000001      
1853 601920.0000000001      
1854 564300.0000000001      
1855 624492                 
1856 601920.0000000001      
1857 571824.0000000001      
1858 616968.0000000001      
1859 571824.0000000001      
1860 579348.0000000001      
1861 594396                 
1862 579348.0000000001      
1863 647064.0000000001      
1864 586872.0000000001      
1865 616968.0000000001      
1866 601920.0000000001      
1867 564300.0000000001      
1868 624492                 
1869 601920.0000000001      
1870 571824.0000000001      
1871 616968.0000000001      
1872 571824.0000000001      
1873 692208.0000000001      
1874 519156                 
1875 692208.0000000001      
1876 624492                 
1877 586872.0000000001      
1878 616968.0000000001      
1879 601920.0000000001      
1880 564300.0000000001      
1881 624492                 
1882 601920.0000000001      
1883 571824.0000000001      
1884 616968.0000000001      
1885 722304.0000000001      
1886 579348.0000000001      
1887 639540.0000000001      
1888 662112.0000000001      
1889 624492                 
1890 586872.0000000001      
1891 616968.0000000001      
1892 601920.0000000001      
1893 564300.0000000001      
1894 624492                 
1895 601920.0000000001      
1896 571824.0000000001      
1897 805068.0000000002      
1898 571824.0000000001      
1899 684684.0000000001      
1900 601920.0000000001      
1901 662112.0000000001      
1902 624492                 
1903 586872.0000000001      
1904 616968.0000000001      
1905 601920.0000000001      
1906 564300.0000000001      
1907 624492                 
1908 601920.0000000001      
1909 759924.0000000001      
1910 616968.0000000001      
1911 692208.0000000001      
1912 647064.0000000001      
1913 601920.0000000001      
1914 662112.0000000001      
1915 624492                 
1916 586872.0000000001      
1917 616968.0000000001      
1918 601920.0000000001      
1919 564300.0000000001      
1920 624492                 
1921 790020.0000000001      
1922 571824.0000000001      
1923 729828.0000000001      
1924 654588.0000000001      
1925 647064.0000000001      
1926 601920.0000000001      
1927 662112.0000000001      
1928 624492                 
1929 586872.0000000001      
1930 616968.0000000001      
1931 601920.0000000001      
1932 564300.0000000001      
1933 812592                 
1934 601920.0000000001      
1935 692208.0000000001      
1936 692208.0000000001      
1937 654588.0000000001      
1938 647064.0000000001      
1939 601920.0000000001      
1940 662112.0000000001      
1941 624492                 
1942 586872.0000000001      
1943 616968.0000000001      
1944 601920.0000000001      
1945 752400                 
1946 624492                 
1947 722304.0000000001      
1948 654588.0000000001      
1949 692208.0000000001      
1950 654588.0000000001      
1951 647064.0000000001      
1952 601920.0000000001      
1953 662112.0000000001      
1954 624492                 
1955 586872.0000000001      
1956 616968.0000000001      
1957 790020.0000000001      
1958 564300.0000000001      
1959 744876.0000000002      
1960 684684.0000000001      
1961 654588.0000000001      
1962 692208.0000000001      
1963 654588.0000000001      
1964 647064.0000000001      
1965 601920.0000000001      
1966 662112.0000000001      
1967 624492                 
1968 586872.0000000001      
1969 805068.0000000001      
1970 601920.0000000001      
1971 684684.0000000001      
1972 707256.0000000001      
1973 684684.0000000001      
1974 654588.0000000001      
1975 692208.0000000001      
1976 654588.0000000001      
1977 647064.0000000001      
1978 601920.0000000001      
1979 662112.0000000001      
1980 624492                 
1981 774972                 
1982 616968.0000000001      
1983 722304.0000000001      
1984 647064.0000000001      
1985 707256.0000000001      
1986 684684.0000000001      
1987 654588.0000000001      
1988 692208.0000000001      
1989 654588.0000000001      
1990 647064.0000000001      
1991 601920.0000000001      
1992 662112.0000000001      
1993 812592                 
1994 586872.0000000001      
1995 744876.0000000002      
1996 684684.0000000001      
1997 647064.0000000001      
1998 707256.0000000001      
1999 684684.0000000001      
2000 654588.0000000001      
2001 692208.0000000001      
2002 654588                 
2003 647064.0000000001      
2004 601920.0000000001      
2005 887832.0000000002      
2006 624492                 
2007 707256.0000000001      
2008 699732.0000000001      
2009 684684.0000000001      
2010 647064.0000000001      
2011 707256                 
2012 684684.0000000001      
2013 654588.0000000001      
2014 692208.0000000001      
2015 654588.0000000001      
2016 647064.0000000001      
2017 790020.0000000001      
2018 662112.0000000001      
2019 759924.0000000001      
2020 669636.0000000001      
2021 699732.0000000001      
2022 684684.0000000001      
2023 647064.0000000001      
2024 707256.0000000001      
2025 684684.0000000001      
2026 654588.0000000001      
2027 692208.0000000001      
2028 654588.0000000001      
2029 835164                 
2030 601920.0000000001      
2031 790020                 
2032 722304.0000000001      
2033 669636.0000000001      
2034 699732.0000000001      
2035 684684.0000000001      
2036 647064.0000000001      
2037 707256.0000000001      
2038 684684.0000000001      
2039 654588.0000000001      
2040 692208.0000000001      
2041 880308                 
2042 647064.0000000001      
2043 722304.0000000001      
2044 744876.0000000002      
2045 722304.0000000001      
2046 669636.0000000001      
2047 699732.0000000001      
2048 684684.0000000001      
2049 647064.0000000001      
2050 707256.0000000001      
2051 684684.0000000001      
2052 654588.0000000001      
2053 880308.0000000001      
2054 654588.0000000001      
2055 782496                 
2056 684684.0000000001      
2057 744876.0000000002      
2058 722304.0000000001      
2059 669636.0000000001      
2060 699732.0000000001      
2061 684684.0000000001      
2062 647064.0000000001      
2063 707256.0000000001      
2064 684684.0000000001      
2065 842688.0000000001      
2066 692208.0000000001      
2067 782496                 
2068 744876.0000000002      
2069 684684.0000000001      
2070 744876.0000000002      
2071 722304.0000000001      
2072 669636.0000000001      
2073 699732.0000000001      
2074 684684.0000000001      
2075 647064.0000000001      
2076 707256.0000000001      
2077 985644                 
2078 654588.0000000001      
2079 820116                 
2080 722304.0000000001      
2081 744876.0000000002      
2082 684684.0000000001      
2083 744876.0000000002      
2084 722304.0000000001      
2085 669636.0000000001      
2086 699732.0000000001      
2087 684684.0000000001      
2088 647064.0000000001      
2089 1.0082160000000002e+06 
2090 684684.0000000001      
2091 812592.0000000001      
2092 759924.0000000001      
2093 722304.0000000001      
2094 744876.0000000002      
2095 684684.0000000001      
2096 744876.0000000002      
2097 722304.0000000001      
2098 669636.0000000001      
2099 699732.0000000001      
2100 684684.0000000001      
2101 985644                 
2102 707256.0000000001      
2103 835164.0000000001      
2104 744876.0000000002      
2105 759924.0000000001      
2106 722304.0000000001      
2107 744876.0000000002      
2108 684684.0000000001      
2109 744876.0000000002      
2110 722304.0000000001      
2111 669636.0000000001      
2112 699732.0000000001      
2113 985644                 
2114 647064.0000000001      
2115 872784.0000000001      
2116 774972.0000000001      
2117 744876.0000000002      
2118 759924.0000000001      
2119 722304.0000000001      
2120 744876.0000000002      
2121 684684.0000000001      
2122 744876.0000000002      
2123 722304.0000000001      
2124 669636.0000000001      
2125 1.0383119999999999e+06 
2126 684684.0000000001      
2127 790020                 
2128 805068.0000000002      
2129 774972.0000000001      
2130 744876.0000000002      
2131 759924.0000000001      
2132 722304.0000000001      
2133 744876.0000000002      
2134 684684.0000000001      
2135 744876.0000000002      
2136 722304.0000000001      
2137 932976.0000000002      
2138 699732.0000000001      
2139 684684.0000000001      
2140 737352.0000000002      
2141 805068.0000000002      
2142 774972.0000000001      
2143 744876.0000000002      
2144 759924.0000000001      
2145 722304.0000000001      
2146 744876.0000000002      
2147 684684.0000000001      
2148 744876.0000000002      
2149 1.060884e+06           
2150 669636.0000000001      
2151 699732.0000000001      
2152 616968.0000000001      
2153 737352.0000000002      
2154 805068.0000000002      
2155 774972.0000000001      
2156 744876.0000000002      
2157 759924.0000000001      
2158 722304.0000000001      
2159 744876.0000000002      
2160 684684.0000000001      
2161 1.0834560000000002e+06 
2162 722304.0000000001      
2163 669636.0000000001      
2164 632016.0000000001      
2165 616968.0000000001      
2166 737352.0000000002      
2167 805068.0000000002      
2168 774972.0000000001      
2169 744876.0000000002      
2170 759924.0000000001      
2171 722304.0000000001      
2172 744876.0000000002      
2173 985644                 
2174 744876.0000000002      
2175 737352.0000000002      
2176 609444.0000000001      
2177 632016.0000000001      
2178 616968.0000000001      
2179 737352.0000000002      
2180 805068.0000000002      
2181 774972.0000000001      
2182 744876.0000000002      
2183 759924.0000000001      
2184 722304.0000000001      
2185 1.045836e+06           
2186 684684.0000000001      
2187 744876.0000000002      
2188 677160.0000000001      
2189 609444.0000000001      
2190 632016.0000000001      
2191 616968.0000000001      
2192 737352.0000000002      
2193 805068.0000000002      
2194 774972.0000000001      
2195 744876.0000000002      
2196 759924.0000000001      
2197 1.1737440000000002e+06 
2198 744876.0000000002      
2199 692208.0000000001      
2200 654588.0000000001      
2201 677160.0000000001      
2202 609444.0000000001      
2203 632016.0000000001      
2204 616968.0000000001      
2205 737352.0000000002      
2206 805068.0000000002      
2207 774972.0000000001      
2208 744876.0000000002      
2209 1.060884e+06           
2210 722304.0000000001      
2211 744876.0000000002      
2212 632016.0000000001      
2213 654588.0000000001      
2214 677160.0000000001      
2215 609444.0000000001      
2216 632016.0000000001      
2217 616968.0000000001      
2218 737352.0000000002      
2219 805068.0000000002      
2220 774972.0000000001      
2221 1.1210760000000002e+06 
2222 759924.0000000001      
2223 722304.0000000001      
2224 669636.0000000001      
2225 632016.0000000001      
2226 654588.0000000001      
2227 677160.0000000001      
2228 609444.0000000001      
2229 632016.0000000001      
2230 616968.0000000001      
2231 737352.0000000002      
2232 805068.0000000002      
2233 1.0759320000000005e+06 
2234 744876.0000000002      
2235 759924.0000000001      
2236 662112.0000000001      
2237 669636.0000000001      
2238 632016.0000000001      
2239 654588.0000000001      
2240 677160.0000000001      
2241 609444.0000000001      
2242 632016.0000000001      
2243 616968.0000000001      
2244 737352                 
2245 1.406988e+06           
2246 774972.0000000001      
2247 744876.0000000002      
2248 639540.0000000001      
2249 662112.0000000001      
2250 669636.0000000001      
2251 632016.0000000001      
2252 654588.0000000001      
2253 677160.0000000001      
2254 609444.0000000001      
2255 632016.0000000001      
2256 616968.0000000001      
2257 1.2640320000000002e+06 
2258 805068.0000000002      
2259 774972.0000000001      
2260 639540.0000000001      
2261 639540.0000000001      
2262 662112.0000000001      
2263 669636.0000000001      
2264 632016.0000000001      
2265 654588.0000000001      
2266 677160.0000000001      
2267 609444.0000000001      
2268 632016.0000000001      
2269 1.2188880000000005e+06 
2270 737352.0000000002      
2271 805068.0000000002      
2272 654588.0000000001      
2273 639540.0000000001      
2274 639540.0000000001      
2275 662112.0000000001      
2276 669636.0000000001      
2277 632016.0000000001      
2278 654588.0000000001      
2279 677160.0000000001      
2280 609444.0000000001      
2281 1.2715560000000005e+06 
2282 616968.0000000001      
2283 737352.0000000002      
2284 677160.0000000001      
2285 654588.0000000001      
2286 639540.0000000001      
2287 639540.0000000001      
2288 662112.0000000001      
2289 669636.0000000001      
2290 632016.0000000001      
2291 654588.0000000001      
2292 677160.0000000001      
2293 1.2489840000000005e+06 
2294 632016.0000000001      
2295 616968.0000000001      
2296 609444.0000000001      
2297 677160.0000000001      
2298 654588.0000000001      
2299 639540.0000000001      
2300 639540.0000000001      
2301 662112.0000000001      
2302 669636.0000000001      
2303 632016.0000000001      
2304 654588.0000000001      
2305 1.2038400000000002e+06 
2306 609444.0000000001      
2307 632016.0000000001      
2308 511632.0000000001      
2309 609444.0000000001      
2310 677160.0000000001      
2311 654588.0000000001      
2312 639540.0000000001      
2313 639540.0000000001      
2314 662112.0000000001      
2315 669636.0000000001      
2316 632016                 
2317 1.256508e+06           
2318 677160.0000000001      
2319 609444                 
2320 511632.0000000001      
2321 511632.0000000001      
2322 609444.0000000001      
2323 677160.0000000001      
2324 654588.0000000001      
2325 639540.0000000001      
2326 639540.0000000001      
2327 662112.0000000001      
2328 669636.0000000001      
2329 1.1963160000000005e+06 
2330 654588.0000000001      
2331 677160.0000000001      
2332 496584.00000000006     
2333 511632.0000000001      
2334 511632.0000000001      
2335 609444.0000000001      
2336 677160.0000000001      
2337 654588.0000000001      
2338 639540.0000000001      
2339 639540.0000000001      
2340 662112.0000000001      
2341 1.3844160000000005e+06 
2342 632016.0000000001      
2343 654588.0000000001      
2344 534204.0000000001      
2345 496584.00000000006     
2346 511632.0000000001      
2347 511632.0000000001      
2348 609444.0000000001      
2349 677160                 
2350 654588.0000000001      
2351 639540.0000000001      
2352 639540.0000000001      
2353 1.2264120000000002e+06 
2354 669636.0000000001      
2355 632016.0000000001      
2356 541728                 
2357 534204.0000000001      
2358 496584.00000000006     
2359 511632.0000000001      
2360 511632.0000000001      
2361 609444.0000000001      
2362 677160.0000000001      
2363 654588.0000000001      
2364 639540.0000000001      
2365 1.27908e+06            
2366 662112.0000000001      
2367 669636.0000000001      
2368 504108.00000000006     
2369 541728                 
2370 534204.0000000001      
2371 496584.00000000006     
2372 511632.0000000001      
2373 511632.0000000001      
2374 609444.0000000001      
2375 677160.0000000001      
2376 654588.0000000001      
2377 1.2790800000000002e+06 
2378 639540.0000000001      
2379 662112.0000000001      
2380 541728                 
2381 504108.00000000006     
2382 541728                 
2383 534204.0000000001      
2384 496584.00000000006     
2385 511632.0000000001      
2386 511632.0000000001      
2387 609444.0000000001      
2388 677160.0000000001      
2389 1.2941280000000005e+06 
2390 639540.0000000001      
2391 639540.0000000001      
2392 534204.0000000001      
2393 541728                 
2394 504108.00000000006     
2395 541728                 
2396 534204.0000000001      
2397 496584.00000000006     
2398 511632.0000000001      
2399 511632.0000000001      
