Time Quantity               
0    0                      
1    0                      
2    0                      
3    0                      
4    0                      
5    0                      
6    0                      
7    0                      
8    0                      
9    0                      
10   0                      
11   0                      
12   0                      
13   0                      
14   0                      
15   0                      
16   0                      
17   0                      
18   0                      
19   0                      
20   0                      
21   0                      
22   0                      
23   0                      
24   0                      
25   0                      
26   0                      
27   0                      
28   0                      
29   0                      
30   0                      
31   0                      
32   0                      
33   0                      
34   0                      
35   0                      
36   0                      
37   0                      
38   0                      
39   0                      
40   0                      
41   0                      
42   0                      
43   0                      
44   0                      
45   0                      
46   0                      
47   0                      
48   0                      
49   0                      
50   0                      
51   0                      
52   0                      
53   0                      
54   0                      
55   0                      
56   0                      
57   0                      
58   0                      
59   0                      
60   0                      
61   0                      
62   0                      
63   0                      
64   0                      
65   0                      
66   0                      
67   0                      
68   0                      
69   0                      
70   0                      
71   0                      
72   0                      
73   0                      
74   0                      
75   0                      
76   0                      
77   0                      
78   0                      
79   0                      
80   0                      
81   0                      
82   0                      
83   0                      
84   0                      
85   0                      
86   0                      
87   0                      
88   0                      
89   0                      
90   0                      
91   0                      
92   0                      
93   0                      
94   0                      
95   0                      
96   0                      
97   0                      
98   0                      
99   0                      
100  0                      
101  0                      
102  0                      
103  0                      
104  0                      
105  0                      
106  0                      
107  0                      
108  0                      
109  0                      
110  0                      
111  0                      
112  0                      
113  0                      
114  0                      
115  0                      
116  0                      
117  0                      
118  0                      
119  0                      
120  0                      
121  0                      
122  0                      
123  0                      
124  0                      
125  0                      
126  0                      
127  0                      
128  0                      
129  0                      
130  0                      
131  0                      
132  0                      
133  0                      
134  0                      
135  0                      
136  0                      
137  0                      
138  0                      
139  0                      
140  0                      
141  0                      
142  0                      
143  0                      
144  0                      
145  0                      
146  0                      
147  0                      
148  0                      
149  0                      
150  0                      
151  0                      
152  0                      
153  0                      
154  0                      
155  0                      
156  0                      
157  0                      
158  0                      
159  0                      
160  0                      
161  0                      
162  0                      
163  0                      
164  0                      
165  0                      
166  0                      
167  0                      
168  0                      
169  0                      
170  0                      
171  0                      
172  0                      
173  0                      
174  0                      
175  0                      
176  0                      
177  0                      
178  0                      
179  0                      
180  0                      
181  0                      
182  0                      
183  0                      
184  0                      
185  0                      
186  0                      
187  0                      
188  0                      
189  0                      
190  0                      
191  0                      
192  0                      
193  0                      
194  0                      
195  0                      
196  0                      
197  0                      
198  0                      
199  0                      
200  0                      
201  0                      
202  0                      
203  0                      
204  0                      
205  0                      
206  0                      
207  0                      
208  0                      
209  0                      
210  0                      
211  0                      
212  0                      
213  0                      
214  0                      
215  0                      
216  0                      
217  0                      
218  0                      
219  0                      
220  0                      
221  0                      
222  0                      
223  0                      
224  0                      
225  0                      
226  0                      
227  0                      
228  0                      
229  0                      
230  0                      
231  0                      
232  0                      
233  0                      
234  0                      
235  0                      
236  0                      
237  0                      
238  0                      
239  0                      
240  0                      
241  0                      
242  0                      
243  0                      
244  0                      
245  0                      
246  0                      
247  0                      
248  0                      
249  0                      
250  0                      
251  0                      
252  0                      
253  0                      
254  0                      
255  0                      
256  0                      
257  0                      
258  0                      
259  0                      
260  0                      
261  0                      
262  0                      
263  0                      
264  0                      
265  0                      
266  0                      
267  0                      
268  0                      
269  0                      
270  0                      
271  0                      
272  0                      
273  0                      
274  0                      
275  0                      
276  0                      
277  0                      
278  0                      
279  0                      
280  0                      
281  0                      
282  0                      
283  0                      
284  0                      
285  0                      
286  0                      
287  0                      
288  0                      
289  0                      
290  0                      
291  0                      
292  0                      
293  0                      
294  0                      
295  0                      
296  0                      
297  0                      
298  0                      
299  0                      
300  0                      
301  0                      
302  0                      
303  0                      
304  0                      
305  0                      
306  0                      
307  0                      
308  0                      
309  0                      
310  0                      
311  0                      
312  0                      
313  0                      
314  0                      
315  0                      
316  0                      
317  0                      
318  0                      
319  0                      
320  0                      
321  0                      
322  0                      
323  0                      
324  0                      
325  0                      
326  0                      
327  0                      
328  0                      
329  0                      
330  0                      
331  0                      
332  0                      
333  0                      
334  0                      
335  0                      
336  0                      
337  0                      
338  0                      
339  0                      
340  0                      
341  0                      
342  0                      
343  0                      
344  0                      
345  0                      
346  0                      
347  0                      
348  0                      
349  0                      
350  0                      
351  0                      
352  0                      
353  0                      
354  0                      
355  0                      
356  0                      
357  0                      
358  0                      
359  0                      
360  0                      
361  0                      
362  0                      
363  0                      
364  0                      
365  0                      
366  0                      
367  0                      
368  0                      
369  0                      
370  0                      
371  0                      
372  0                      
373  0                      
374  0                      
375  0                      
376  0                      
377  0                      
378  0                      
379  0                      
380  0                      
381  0                      
382  0                      
383  0                      
384  0                      
385  0                      
386  0                      
387  0                      
388  0                      
389  0                      
390  0                      
391  0                      
392  0                      
393  0                      
394  0                      
395  0                      
396  0                      
397  0                      
398  0                      
399  0                      
400  0                      
401  0                      
402  0                      
403  0                      
404  0                      
405  0                      
406  0                      
407  0                      
408  0                      
409  0                      
410  0                      
411  0                      
412  0                      
413  0                      
414  0                      
415  0                      
416  0                      
417  0                      
418  0                      
419  0                      
420  0                      
421  0                      
422  0                      
423  0                      
424  0                      
425  0                      
426  0                      
427  0                      
428  0                      
429  0                      
430  0                      
431  0                      
432  0                      
433  0                      
434  0                      
435  0                      
436  0                      
437  0                      
438  0                      
439  0                      
440  0                      
441  0                      
442  0                      
443  0                      
444  0                      
445  0                      
446  0                      
447  0                      
448  0                      
449  0                      
450  0                      
451  0                      
452  0                      
453  0                      
454  0                      
455  0                      
456  0                      
457  0                      
458  0                      
459  0                      
460  0                      
461  0                      
462  0                      
463  0                      
464  0                      
465  0                      
466  0                      
467  0                      
468  0                      
469  0                      
470  0                      
471  0                      
472  0                      
473  0                      
474  0                      
475  0                      
476  0                      
477  0                      
478  0                      
479  0                      
480  0                      
481  75239.99999999999      
482  0                      
483  0                      
484  0                      
485  0                      
486  0                      
487  0                      
488  0                      
489  0                      
490  0                      
491  0                      
492  0                      
493  0                      
494  15047.999999999998     
495  0                      
496  0                      
497  0                      
498  0                      
499  0                      
500  0                      
501  0                      
502  0                      
503  0                      
504  0                      
505  0                      
506  0                      
507  15047.999999999998     
508  0                      
509  0                      
510  0                      
511  0                      
512  0                      
513  0                      
514  0                      
515  0                      
516  0                      
517  0                      
518  0                      
519  0                      
520  15047.999999999998     
521  0                      
522  0                      
523  0                      
524  0                      
525  0                      
526  0                      
527  0                      
528  0                      
529  0                      
530  0                      
531  0                      
532  0                      
533  15047.999999999998     
534  0                      
535  0                      
536  0                      
537  0                      
538  0                      
539  0                      
540  0                      
541  75239.99999999999      
542  0                      
543  0                      
544  0                      
545  0                      
546  15047.999999999998     
547  0                      
548  0                      
549  0                      
550  0                      
551  0                      
552  0                      
553  0                      
554  15047.999999999998     
555  0                      
556  0                      
557  0                      
558  0                      
559  15047.999999999998     
560  0                      
561  0                      
562  0                      
563  0                      
564  0                      
565  0                      
566  0                      
567  15047.999999999998     
568  0                      
569  0                      
570  0                      
571  0                      
572  15047.999999999998     
573  0                      
574  0                      
575  0                      
576  0                      
577  75239.99999999999      
578  0                      
579  0                      
580  15047.999999999998     
581  0                      
582  0                      
583  0                      
584  0                      
585  15047.999999999998     
586  0                      
587  0                      
588  0                      
589  0                      
590  15047.999999999998     
591  0                      
592  0                      
593  15048.000000000002     
594  0                      
595  0                      
596  0                      
597  0                      
598  15047.999999999998     
599  0                      
600  0                      
601  75239.99999999999      
602  0                      
603  15048                  
604  0                      
605  0                      
606  15047.999999999998     
607  0                      
608  0                      
609  0                      
610  0                      
611  15047.999999999998     
612  0                      
613  0                      
614  15047.999999999998     
615  0                      
616  15047.999999999998     
617  0                      
618  0                      
619  15047.999999999998     
620  0                      
621  0                      
622  0                      
623  0                      
624  15047.999999999998     
625  75239.99999999999      
626  0                      
627  15047.999999999998     
628  0                      
629  15047.999999999998     
630  0                      
631  0                      
632  15047.999999999998     
633  0                      
634  0                      
635  0                      
636  0                      
637  15047.999999999998     
638  15047.999999999998     
639  0                      
640  15047.999999999998     
641  0                      
642  15047.999999999998     
643  0                      
644  0                      
645  15047.999999999998     
646  0                      
647  0                      
648  0                      
649  75239.99999999999      
650  15047.999999999998     
651  15047.999999999998     
652  0                      
653  15047.999999999998     
654  0                      
655  15047.999999999998     
656  0                      
657  0                      
658  15047.999999999998     
659  0                      
660  0                      
661  0                      
662  15047.999999999998     
663  15047.999999999998     
664  15047.999999999998     
665  0                      
666  15047.999999999998     
667  0                      
668  15047.999999999998     
669  0                      
670  0                      
671  15047.999999999998     
672  0                      
673  75239.99999999999      
674  0                      
675  15047.999999999998     
676  15047.999999999998     
677  15047.999999999998     
678  0                      
679  15047.999999999998     
680  0                      
681  15047.999999999998     
682  0                      
683  0                      
684  15047.999999999998     
685  0                      
686  15047.999999999998     
687  0                      
688  15047.999999999998     
689  15047.999999999998     
690  15047.999999999998     
691  0                      
692  15047.999999999998     
693  0                      
694  15047.999999999998     
695  0                      
696  0                      
697  90287.99999999996      
698  0                      
699  15047.999999999998     
700  0                      
701  15047.999999999998     
702  15047.999999999998     
703  15047.999999999998     
704  0                      
705  15047.999999999998     
706  0                      
707  15047.999999999998     
708  0                      
709  75239.99999999999      
710  30096                  
711  0                      
712  15047.999999999998     
713  0                      
714  15047.999999999998     
715  15047.999999999998     
716  15047.999999999998     
717  0                      
718  15047.999999999998     
719  0                      
720  15047.999999999998     
721  75239.99999999999      
722  15047.999999999998     
723  30096                  
724  0                      
725  15047.999999999998     
726  0                      
727  15047.999999999998     
728  15047.999999999998     
729  15047.999999999998     
730  0                      
731  15047.999999999998     
732  0                      
733  90287.99999999996      
734  15047.999999999998     
735  15047.999999999998     
736  30096                  
737  0                      
738  15047.999999999998     
739  0                      
740  15047.999999999998     
741  15047.999999999998     
742  15047.999999999998     
743  0                      
744  15047.999999999998     
745  75239.99999999999      
746  30096                  
747  15047.999999999998     
748  15047.999999999998     
749  30096                  
750  0                      
751  15047.999999999998     
752  0                      
753  15047.999999999998     
754  15047.999999999998     
755  15047.999999999998     
756  0                      
757  52668                  
758  15047.999999999998     
759  30096                  
760  15047.999999999998     
761  15047.999999999998     
762  30096                  
763  0                      
764  15047.999999999998     
765  0                      
766  15047.999999999998     
767  15047.999999999998     
768  15047.999999999998     
769  75239.99999999999      
770  22572                  
771  15047.999999999998     
772  30096                  
773  15047.999999999998     
774  15047.999999999998     
775  30096                  
776  0                      
777  15047.999999999998     
778  0                      
779  15047.999999999998     
780  15047.999999999998     
781  90287.99999999996      
782  15047.999999999998     
783  22572                  
784  15047.999999999998     
785  30096                  
786  15047.999999999998     
787  15047.999999999998     
788  30096                  
789  0                      
790  15047.999999999998     
791  0                      
792  15047.999999999998     
793  90287.99999999996      
794  30096                  
795  15047.999999999998     
796  22572                  
797  15047.999999999998     
798  30096                  
799  15047.999999999998     
800  15047.999999999998     
801  30096                  
802  0                      
803  15047.999999999998     
804  0                      
805  90287.99999999996      
806  30096                  
807  30096                  
808  15047.999999999998     
809  22572                  
810  15047.999999999998     
811  30096                  
812  15047.999999999998     
813  15047.999999999998     
814  30096                  
815  0                      
816  15047.999999999998     
817  75239.99999999999      
818  30096                  
819  30096                  
820  30096                  
821  15047.999999999998     
822  22572                  
823  15047.999999999998     
824  30096                  
825  15047.999999999998     
826  15047.999999999998     
827  30096                  
828  0                      
829  127907.99999999988     
830  15047.999999999998     
831  30096                  
832  30096                  
833  30096                  
834  15047.999999999998     
835  22572                  
836  15047.999999999998     
837  30096                  
838  15047.999999999998     
839  15047.999999999998     
840  30096                  
841  150479.99999999988     
842  37620                  
843  15047.999999999998     
844  30096                  
845  30096                  
846  30096                  
847  15047.999999999998     
848  22572                  
849  15047.999999999998     
850  30096                  
851  15047.999999999998     
852  15047.999999999998     
853  218195.99999999988     
854  30096                  
855  37620                  
856  15047.999999999998     
857  30096                  
858  30096                  
859  30096                  
860  15047.999999999998     
861  22572                  
862  15047.999999999998     
863  30096                  
864  15047.999999999998     
865  203147.99999999988     
866  67716                  
867  30096                  
868  37620                  
869  15047.999999999998     
870  30096                  
871  30096                  
872  30096                  
873  15047.999999999998     
874  22572                  
875  15047.999999999998     
876  30096                  
877  203147.99999999988     
878  52668                  
879  67716                  
880  30096                  
881  37620                  
882  15047.999999999998     
883  30096                  
884  30096                  
885  30096                  
886  15047.999999999998     
887  22572                  
888  15047.999999999998     
889  218195.99999999988     
890  52668                  
891  52668                  
892  67716                  
893  30096                  
894  37620                  
895  15047.999999999998     
896  30096                  
897  30096                  
898  30096                  
899  15047.999999999998     
900  22572                  
901  203147.99999999988     
902  67716                  
903  52668                  
904  52668                  
905  67716                  
906  30096                  
907  37620                  
908  15047.999999999998     
909  30096                  
910  30096                  
911  30096                  
912  15047.999999999998     
913  210671.99999999988     
914  52668                  
915  67716                  
916  52668                  
917  52668                  
918  67716                  
919  30096                  
920  37620                  
921  15047.999999999998     
922  30096                  
923  30096                  
924  30096                  
925  203147.99999999988     
926  60192                  
927  52668                  
928  67716                  
929  52668                  
930  52668                  
931  67716                  
932  30096                  
933  37620                  
934  15047.999999999998     
935  30096                  
936  30096                  
937  218195.99999999988     
938  52668                  
939  60192                  
940  52668                  
941  67716                  
942  52668                  
943  52668                  
944  67716                  
945  30096                  
946  37620                  
947  15047.999999999998     
948  30096                  
949  218195.99999999988     
950  67716                  
951  52668                  
952  60192                  
953  52668                  
954  67716                  
955  52668                  
956  52668                  
957  67716                  
958  30096                  
959  37620                  
960  15047.999999999998     
961  255815.99999999988     
962  67716                  
963  67716                  
964  52668                  
965  60192                  
966  52668                  
967  67716                  
968  52668                  
969  52668                  
970  67716                  
971  30096                  
972  37620                  
973  203147.99999999988     
974  75239.99999999999      
975  67716                  
976  67716                  
977  52668                  
978  60192                  
979  52668                  
980  67716                  
981  52668                  
982  52668                  
983  67716                  
984  30096                  
985  225719.99999999988     
986  52668                  
987  75239.99999999999      
988  67716                  
989  67716                  
990  52668                  
991  60192                  
992  52668                  
993  67716                  
994  52668                  
995  52668                  
996  67716                  
997  255815.99999999988     
998  75239.99999999999      
999  52668                  
1000 75239.99999999999      
1001 67716                  
1002 67716                  
1003 52668                  
1004 60192                  
1005 52668                  
1006 67716                  
1007 52668                  
1008 52668                  
1009 255815.99999999988     
1010 75239.99999999999      
1011 75239.99999999999      
1012 52668                  
1013 75239.99999999999      
1014 67716                  
1015 67716                  
1016 52668                  
1017 60192                  
1018 52668                  
1019 67716                  
1020 52668                  
1021 240767.99999999988     
1022 105335.99999999993     
1023 75239.99999999999      
1024 75239.99999999999      
1025 52668                  
1026 75239.99999999999      
1027 67716                  
1028 67716                  
1029 52668                  
1030 60192                  
1031 52668                  
1032 67716                  
1033 353627.9999999999      
1034 90287.99999999996      
1035 105335.99999999993     
1036 75239.99999999999      
1037 75239.99999999999      
1038 52668                  
1039 75239.99999999999      
1040 67716                  
1041 67716                  
1042 52668                  
1043 60192                  
1044 52668                  
1045 368675.9999999999      
1046 112859.99999999991     
1047 90287.99999999996      
1048 105335.99999999993     
1049 75239.99999999999      
1050 75239.99999999999      
1051 52668                  
1052 75239.99999999999      
1053 67716                  
1054 67716                  
1055 52668                  
1056 60192                  
1057 391247.9999999999      
1058 127907.99999999988     
1059 112859.99999999991     
1060 90287.99999999996      
1061 105335.99999999993     
1062 75239.99999999999      
1063 75239.99999999999      
1064 52668                  
1065 75239.99999999999      
1066 67716                  
1067 67716                  
1068 52668                  
1069 361151.9999999999      
1070 120383.9999999999      
1071 127907.99999999988     
1072 112859.99999999991     
1073 90287.99999999996      
1074 105335.99999999993     
1075 75239.99999999999      
1076 75239.99999999999      
1077 52668                  
1078 75239.99999999999      
1079 67716                  
1080 67716                  
1081 391247.9999999999      
1082 120383.9999999999      
1083 120383.9999999999      
1084 127907.99999999988     
1085 112859.99999999991     
1086 90287.99999999996      
1087 105335.99999999993     
1088 75239.99999999999      
1089 75239.99999999999      
1090 52668                  
1091 75239.99999999999      
1092 67716                  
1093 331055.9999999999      
1094 120383.9999999999      
1095 120383.9999999999      
1096 120383.9999999999      
1097 127907.99999999988     
1098 112859.99999999991     
1099 90287.99999999996      
1100 105335.99999999993     
1101 75239.99999999999      
1102 75239.99999999999      
1103 52668                  
1104 75239.99999999999      
1105 406295.9999999999      
1106 120383.9999999999      
1107 120383.9999999999      
1108 120383.9999999999      
1109 120383.9999999999      
1110 127907.99999999988     
1111 112859.99999999991     
1112 90287.99999999996      
1113 105335.99999999993     
1114 75239.99999999999      
1115 75239.99999999999      
1116 52668                  
1117 413819.9999999999      
1118 135431.99999999988     
1119 120383.9999999999      
1120 120383.9999999999      
1121 120383.9999999999      
1122 120383.9999999999      
1123 127907.99999999988     
1124 112859.99999999991     
1125 90287.99999999996      
1126 105335.99999999993     
1127 75239.99999999999      
1128 75239.99999999999      
1129 353627.9999999999      
1130 142955.99999999988     
1131 135431.99999999988     
1132 120383.9999999999      
1133 120383.9999999999      
1134 120383.9999999999      
1135 120383.9999999999      
1136 127907.99999999988     
1137 112859.99999999991     
1138 90287.99999999996      
1139 105335.99999999993     
1140 75239.99999999999      
1141 376199.9999999999      
1142 112859.99999999991     
1143 142955.99999999988     
1144 135431.99999999988     
1145 120383.9999999999      
1146 120383.9999999999      
1147 120383.9999999999      
1148 120383.9999999999      
1149 127907.99999999988     
1150 112859.99999999991     
1151 90287.99999999996      
1152 105335.99999999993     
1153 526679.9999999999      
1154 135431.99999999988     
1155 112859.99999999991     
1156 142955.99999999988     
1157 135431.99999999988     
1158 120383.9999999999      
1159 120383.9999999999      
1160 120383.9999999999      
1161 120383.9999999999      
1162 127907.99999999988     
1163 112859.99999999991     
1164 90287.99999999996      
1165 406295.9999999999      
1166 165527.99999999988     
1167 135431.99999999988     
1168 112859.99999999991     
1169 142955.99999999988     
1170 135431.99999999988     
1171 120383.9999999999      
1172 120383.9999999999      
1173 120383.9999999999      
1174 120383.9999999999      
1175 127907.99999999988     
1176 112859.99999999991     
1177 466487.9999999999      
1178 165527.99999999988     
1179 165527.99999999988     
1180 135431.99999999988     
1181 112859.99999999991     
1182 142955.99999999988     
1183 135431.99999999988     
1184 120383.9999999999      
1185 120383.9999999999      
1186 120383.9999999999      
1187 120383.9999999999      
1188 127907.99999999988     
1189 413819.9999999999      
1190 165527.99999999988     
1191 165527.99999999988     
1192 165527.99999999988     
1193 135431.99999999988     
1194 112859.99999999991     
1195 142955.99999999988     
1196 135431.99999999988     
1197 120383.9999999999      
1198 120383.9999999999      
1199 120383.9999999999      
1200 120383.9999999999      
1201 729827.9999999999      
1202 173051.99999999988     
1203 165527.99999999988     
1204 165527.99999999988     
1205 165527.99999999988     
1206 135431.99999999988     
1207 112859.99999999991     
1208 142955.99999999988     
1209 135431.99999999988     
1210 120383.9999999999      
1211 120383.9999999999      
1212 120383.9999999999      
1213 647063.9999999999      
1214 248291.99999999988     
1215 173051.99999999988     
1216 165527.99999999988     
1217 165527.99999999988     
1218 165527.99999999988     
1219 135431.99999999988     
1220 112859.99999999991     
1221 142955.99999999988     
1222 135431.99999999988     
1223 120383.9999999999      
1224 120383.9999999999      
1225 722303.9999999999      
1226 225719.99999999988     
1227 248291.99999999988     
1228 173051.99999999988     
1229 165527.99999999988     
1230 165527.99999999988     
1231 165527.99999999988     
1232 135431.99999999988     
1233 112859.99999999991     
1234 142955.99999999988     
1235 135431.99999999988     
1236 120383.9999999999      
1237 759923.9999999999      
1238 240767.99999999988     
1239 225719.99999999988     
1240 248291.99999999988     
1241 173051.99999999988     
1242 165527.99999999988     
1243 165527.99999999988     
1244 165527.99999999988     
1245 135431.99999999988     
1246 112859.99999999991     
1247 142955.99999999988     
1248 135431.99999999988     
1249 759923.9999999999      
1250 248291.99999999988     
1251 240767.99999999988     
1252 225719.99999999988     
1253 248291.99999999988     
1254 173051.99999999988     
1255 165527.99999999988     
1256 165527.99999999988     
1257 165527.99999999988     
1258 135431.99999999988     
1259 112859.99999999991     
1260 142955.99999999988     
1261 662111.9999999999      
1262 248291.99999999988     
1263 248291.99999999988     
1264 240767.99999999988     
1265 225719.99999999988     
1266 248291.99999999988     
1267 173051.99999999988     
1268 165527.99999999988     
1269 165527.99999999988     
1270 165527.99999999988     
1271 135431.99999999988     
1272 112859.99999999991     
1273 744875.9999999999      
1274 240767.99999999988     
1275 248291.99999999988     
1276 248291.99999999988     
1277 240767.99999999988     
1278 225719.99999999988     
1279 248291.99999999988     
1280 173051.99999999988     
1281 165527.99999999988     
1282 165527.99999999988     
1283 165527.99999999988     
1284 135431.99999999988     
1285 677159.9999999999      
1286 263339.9999999999      
1287 240767.99999999988     
1288 248291.99999999988     
1289 248291.99999999988     
1290 240767.99999999988     
1291 225719.99999999988     
1292 248291.99999999988     
1293 173051.99999999988     
1294 165527.99999999988     
1295 165527.99999999988     
1296 165527.99999999988     
1297 850211.9999999999      
1298 225719.99999999988     
1299 263339.9999999999      
1300 240767.99999999988     
1301 248291.99999999988     
1302 248291.99999999988     
1303 240767.99999999988     
1304 225719.99999999988     
1305 248291.99999999988     
1306 173051.99999999988     
1307 165527.99999999988     
1308 165527.99999999988     
1309 729827.9999999999      
1310 278387.9999999999      
1311 225719.99999999988     
1312 263339.9999999999      
1313 240767.99999999988     
1314 248291.99999999988     
1315 248291.99999999988     
1316 240767.99999999988     
1317 225719.99999999988     
1318 248291.99999999988     
1319 173051.99999999988     
1320 165527.99999999988     
1321 805067.9999999999      
1322 278387.9999999999      
1323 278387.9999999999      
1324 225719.99999999988     
1325 263339.9999999999      
1326 240767.99999999988     
1327 248291.99999999988     
1328 248291.99999999988     
1329 240767.99999999988     
1330 225719.99999999988     
1331 248291.99999999988     
1332 173051.99999999988     
1333 805067.9999999999      
1334 293435.9999999999      
1335 278387.9999999999      
1336 278387.9999999999      
1337 225719.99999999988     
1338 263339.9999999999      
1339 240767.99999999988     
1340 248291.99999999988     
1341 248291.99999999988     
1342 240767.99999999988     
1343 225719.99999999988     
1344 248291.99999999988     
1345 812591.9999999999      
1346 293435.9999999999      
1347 293435.9999999999      
1348 278387.9999999999      
1349 278387.9999999999      
1350 225719.99999999988     
1351 263339.9999999999      
1352 240767.99999999988     
1353 248291.99999999988     
1354 248291.99999999988     
1355 240767.99999999988     
1356 225719.99999999988     
1357 812591.9999999999      
1358 300959.9999999999      
1359 293435.9999999999      
1360 293435.9999999999      
1361 278387.9999999999      
1362 278387.9999999999      
1363 225719.99999999988     
1364 263339.9999999999      
1365 240767.99999999988     
1366 248291.99999999988     
1367 248291.99999999988     
1368 240767.99999999988     
1369 865259.9999999999      
1370 361151.9999999999      
1371 300959.9999999999      
1372 293435.9999999999      
1373 293435.9999999999      
1374 278387.9999999999      
1375 278387.9999999999      
1376 225719.99999999988     
1377 263339.9999999999      
1378 240767.99999999988     
1379 248291.99999999988     
1380 248291.99999999988     
1381 880307.9999999999      
1382 353627.9999999999      
1383 361151.9999999999      
1384 300959.9999999999      
1385 293435.9999999999      
1386 293435.9999999999      
1387 278387.9999999999      
1388 278387.9999999999      
1389 225719.99999999988     
1390 263339.9999999999      
1391 240767.99999999988     
1392 248291.99999999988     
1393 925451.9999999999      
1394 368675.9999999999      
1395 353627.9999999999      
1396 361151.9999999999      
1397 300959.9999999999      
1398 293435.9999999999      
1399 293435.9999999999      
1400 278387.9999999999      
1401 278387.9999999999      
1402 225719.99999999988     
1403 263339.9999999999      
1404 240767.99999999988     
1405 812591.9999999999      
1406 383723.9999999999      
1407 368675.9999999999      
1408 353627.9999999999      
1409 361151.9999999999      
1410 300959.9999999999      
1411 293435.9999999999      
1412 293435.9999999999      
1413 278387.9999999999      
1414 278387.9999999999      
1415 225719.99999999988     
1416 263339.9999999999      
1417 993167.9999999999      
1418 361151.9999999999      
1419 383723.9999999999      
1420 368675.9999999999      
1421 353627.9999999999      
1422 361151.9999999999      
1423 300959.9999999999      
1424 293435.9999999999      
1425 293435.9999999999      
1426 278387.9999999999      
1427 278387.9999999999      
1428 225719.99999999988     
1429 827639.9999999999      
1430 391247.9999999999      
1431 361151.9999999999      
1432 383723.9999999999      
1433 368675.9999999999      
1434 353627.9999999999      
1435 361151.9999999999      
1436 300959.9999999999      
1437 293435.9999999999      
1438 293435.9999999999      
1439 278387.9999999999      
1440 278387.9999999999      
1441 978119.9999999999      
1442 376199.9999999999      
1443 376199.9999999999      
1444 361151.9999999999      
1445 383723.9999999999      
1446 368675.9999999999      
1447 353627.9999999999      
1448 361151.9999999999      
1449 300959.9999999999      
1450 293435.9999999999      
1451 293435.9999999999      
1452 278387.9999999999      
1453 842687.9999999999      
1454 376199.9999999999      
1455 376199.9999999999      
1456 376199.9999999999      
1457 361151.9999999999      
1458 383723.9999999999      
1459 368675.9999999999      
1460 353627.9999999999      
1461 361151.9999999999      
1462 300959.9999999999      
1463 293435.9999999999      
1464 293435.9999999999      
1465 1.068408e+06           
1466 391247.9999999999      
1467 376199.9999999999      
1468 376199.9999999999      
1469 376199.9999999999      
1470 361151.9999999999      
1471 383723.9999999999      
1472 368675.9999999999      
1473 353627.9999999999      
1474 361151.9999999999      
1475 300959.9999999999      
1476 293435.9999999999      
1477 857735.9999999999      
1478 436391.9999999999      
1479 391247.9999999999      
1480 376199.9999999999      
1481 376199.9999999999      
1482 376199.9999999999      
1483 361151.9999999999      
1484 383723.9999999999      
1485 368675.9999999999      
1486 353627.9999999999      
1487 361151.9999999999      
1488 300959.9999999999      
1489 1.083456e+06           
1490 406295.9999999999      
1491 436391.9999999999      
1492 391247.9999999999      
1493 376199.9999999999      
1494 376199.9999999999      
1495 376199.9999999999      
1496 361151.9999999999      
1497 383723.9999999999      
1498 368675.9999999999      
1499 353627.9999999999      
1500 361151.9999999999      
1501 902879.9999999999      
1502 451439.9999999999      
1503 391247.9999999999      
1504 436391.9999999999      
1505 391247.9999999999      
1506 376199.9999999999      
1507 376199.9999999999      
1508 376199.9999999999      
1509 361151.9999999999      
1510 383723.9999999999      
1511 368675.9999999999      
1512 353627.9999999999      
1513 1.113552e+06           
1514 421343.9999999999      
1515 451439.9999999999      
1516 391247.9999999999      
1517 436391.9999999999      
1518 391247.9999999999      
1519 376199.9999999999      
1520 376199.9999999999      
1521 376199.9999999999      
1522 361151.9999999999      
1523 383723.9999999999      
1524 368675.9999999999      
1525 955547.9999999999      
1526 511631.9999999999      
1527 421343.9999999999      
1528 451439.9999999999      
1529 391247.9999999999      
1530 436391.9999999999      
1531 391247.9999999999      
1532 376199.9999999999      
1533 376199.9999999999      
1534 376199.9999999999      
1535 361151.9999999999      
1536 383723.9999999999      
1537 1.121076e+06           
1538 474011.9999999999      
1539 496583.9999999999      
1540 421343.9999999999      
1541 451439.9999999999      
1542 391247.9999999999      
1543 436391.9999999999      
1544 391247.9999999999      
1545 376199.9999999999      
1546 376199.9999999999      
1547 376199.9999999999      
1548 361151.9999999999      
1549 1.098504e+06           
1550 519155.9999999999      
1551 474011.9999999999      
1552 496583.9999999999      
1553 421343.9999999999      
1554 451439.9999999999      
1555 391247.9999999999      
1556 436391.9999999999      
1557 391247.9999999999      
1558 376199.9999999999      
1559 376199.9999999999      
1560 376199.9999999999      
1561 1.0383119999999999e+06 
1562 526679.9999999999      
1563 504107.9999999999      
1564 474011.9999999999      
1565 496583.9999999999      
1566 421343.9999999999      
1567 451439.9999999999      
1568 391247.9999999999      
1569 436391.9999999999      
1570 391247.9999999999      
1571 376199.9999999999      
1572 376199.9999999999      
1573 1.05336e+06            
1574 496583.9999999999      
1575 526679.9999999999      
1576 504107.9999999999      
1577 474011.9999999999      
1578 496583.9999999999      
1579 421343.9999999999      
1580 451439.9999999999      
1581 391247.9999999999      
1582 436391.9999999999      
1583 391247.9999999999      
1584 376199.9999999999      
1585 1.16622e+06            
1586 511631.9999999999      
1587 481535.9999999999      
1588 526679.9999999999      
1589 504107.9999999999      
1590 474011.9999999999      
1591 496583.9999999999      
1592 421343.9999999999      
1593 451439.9999999999      
1594 391247.9999999999      
1595 436391.9999999999      
1596 391247.9999999999      
1597 978119.9999999999      
1598 534203.9999999999      
1599 511631.9999999999      
1600 481535.9999999999      
1601 526679.9999999999      
1602 504107.9999999999      
1603 474011.9999999999      
1604 496583.9999999999      
1605 421343.9999999999      
1606 451439.9999999999      
1607 391247.9999999999      
1608 436391.9999999999      
1609 1.181268e+06           
1610 496583.9999999999      
1611 519155.9999999999      
1612 511631.9999999999      
1613 481535.9999999999      
1614 526679.9999999999      
1615 504107.9999999999      
1616 474011.9999999999      
1617 496583.9999999999      
1618 421343.9999999999      
1619 451439.9999999999      
1620 391247.9999999999      
1621 1.151172e+06           
1622 549251.9999999999      
1623 496583.9999999999      
1624 519155.9999999999      
1625 511631.9999999999      
1626 481535.9999999999      
1627 526679.9999999999      
1628 504107.9999999999      
1629 474011.9999999999      
1630 496583.9999999999      
1631 421343.9999999999      
1632 451439.9999999999      
1633 1.106028e+06           
1634 579347.9999999999      
1635 534203.9999999999      
1636 496583.9999999999      
1637 519155.9999999999      
1638 511631.9999999999      
1639 481535.9999999999      
1640 526679.9999999999      
1641 504107.9999999999      
1642 474011.9999999999      
1643 496583.9999999999      
1644 421343.9999999999      
1645 1.16622e+06            
1646 534203.9999999999      
1647 579347.9999999999      
1648 534203.9999999999      
1649 496583.9999999999      
1650 519155.9999999999      
1651 511631.9999999999      
1652 481535.9999999999      
1653 526679.9999999999      
1654 504107.9999999999      
1655 474011.9999999999      
1656 496583.9999999999      
1657 1.248984e+06           
1658 594395.9999999999      
1659 519155.9999999999      
1660 579347.9999999999      
1661 534203.9999999999      
1662 496583.9999999999      
1663 519155.9999999999      
1664 511631.9999999999      
1665 481535.9999999999      
1666 526679.9999999999      
1667 504107.9999999999      
1668 474011.9999999999      
1669 1.173744e+06           
1670 586871.9999999999      
1671 579347.9999999999      
1672 519155.9999999999      
1673 579347.9999999999      
1674 534203.9999999999      
1675 496583.9999999999      
1676 519155.9999999999      
1677 511631.9999999999      
1678 481535.9999999999      
1679 526679.9999999999      
1680 504107.9999999999      
1681 1.0383119999999999e+06 
1682 632015.9999999999      
1683 571823.9999999999      
1684 579347.9999999999      
1685 519155.9999999999      
1686 579347.9999999999      
1687 534203.9999999999      
1688 496583.9999999999      
1689 519155.9999999999      
1690 511631.9999999999      
1691 481535.9999999999      
1692 526679.9999999999      
1693 1.0307879999999999e+06 
1694 586871.9999999999      
1695 616967.9999999999      
1696 571823.9999999999      
1697 579347.9999999999      
1698 519155.9999999999      
1699 579347.9999999999      
1700 534203.9999999999      
1701 496583.9999999999      
1702 519155.9999999999      
1703 511631.9999999999      
1704 481535.9999999999      
1705 1.09098e+06            
1706 609443.9999999999      
1707 571823.9999999999      
1708 616967.9999999999      
1709 571823.9999999999      
1710 579347.9999999999      
1711 519155.9999999999      
1712 579347.9999999999      
1713 534203.9999999999      
1714 496583.9999999999      
1715 519155.9999999999      
1716 511631.9999999999      
1717 970595.9999999999      
1718 639539.9999999999      
1719 601919.9999999999      
1720 571823.9999999999      
1721 616967.9999999999      
1722 571823.9999999999      
1723 579347.9999999999      
1724 519155.9999999999      
1725 579347.9999999999      
1726 534203.9999999999      
1727 496583.9999999999      
1728 519155.9999999999      
1729 1.0383119999999999e+06 
1730 579347.9999999999      
1731 624491.9999999999      
1732 601919.9999999999      
1733 571823.9999999999      
1734 616967.9999999999      
1735 571823.9999999999      
1736 579347.9999999999      
1737 519155.9999999999      
1738 579347.9999999999      
1739 534203.9999999999      
1740 496583.9999999999      
1741 1.083456e+06           
1742 616967.9999999999      
1743 564299.9999999999      
1744 624491.9999999999      
1745 601919.9999999999      
1746 571823.9999999999      
1747 616967.9999999999      
1748 571823.9999999999      
1749 579347.9999999999      
1750 519155.9999999999      
1751 579347.9999999999      
1752 534203.9999999999      
1753 1.0232639999999999e+06 
1754 632015.9999999999      
1755 601919.9999999999      
1756 564299.9999999999      
1757 624491.9999999999      
1758 601919.9999999999      
1759 571823.9999999999      
1760 616967.9999999999      
1761 571823.9999999999      
1762 579347.9999999999      
1763 519155.9999999999      
1764 579347.9999999999      
1765 1.098504e+06           
1766 601919.9999999999      
1767 616967.9999999999      
1768 601919.9999999999      
1769 564299.9999999999      
1770 624491.9999999999      
1771 601919.9999999999      
1772 571823.9999999999      
1773 616967.9999999999      
1774 571823.9999999999      
1775 579347.9999999999      
1776 519155.9999999999      
1777 1.143648e+06           
1778 647063.9999999999      
1779 586871.9999999999      
1780 616967.9999999999      
1781 601919.9999999999      
1782 564299.9999999999      
1783 624491.9999999999      
1784 601919.9999999999      
1785 571823.9999999999      
1786 616967.9999999999      
1787 571823.9999999999      
1788 579347.9999999999      
1789 1.121076e+06           
1790 692207.9999999999      
1791 624491.9999999999      
1792 586871.9999999999      
1793 616967.9999999999      
1794 601919.9999999999      
1795 564299.9999999999      
1796 624491.9999999999      
1797 601919.9999999999      
1798 571823.9999999999      
1799 616967.9999999999      
1800 571823.9999999999      
1801 1.106028e+06           
1802 639539.9999999999      
1803 662111.9999999999      
1804 624491.9999999999      
1805 586871.9999999999      
1806 616967.9999999999      
1807 601919.9999999999      
1808 564299.9999999999      
1809 624491.9999999999      
1810 601919.9999999999      
1811 571823.9999999999      
1812 616967.9999999999      
1813 1.173744e+06           
1814 684683.9999999999      
1815 601919.9999999999      
1816 662111.9999999999      
1817 624491.9999999999      
1818 586871.9999999999      
1819 616967.9999999999      
1820 601919.9999999999      
1821 564299.9999999999      
1822 624491.9999999999      
1823 601919.9999999999      
1824 571823.9999999999      
1825 1.181268e+06           
1826 692207.9999999999      
1827 647063.9999999999      
1828 601919.9999999999      
1829 662111.9999999999      
1830 624491.9999999999      
1831 586871.9999999999      
1832 616967.9999999999      
1833 601919.9999999999      
1834 564299.9999999999      
1835 624491.9999999999      
1836 601919.9999999999      
1837 1.173744e+06           
1838 729827.9999999999      
1839 654587.9999999999      
1840 647063.9999999999      
1841 601919.9999999999      
1842 662111.9999999999      
1843 624491.9999999999      
1844 586871.9999999999      
1845 616967.9999999999      
1846 601919.9999999999      
1847 564299.9999999999      
1848 624491.9999999999      
1849 1.20384e+06            
1850 692207.9999999999      
1851 692207.9999999999      
1852 654587.9999999999      
1853 647063.9999999999      
1854 601919.9999999999      
1855 662111.9999999999      
1856 624491.9999999999      
1857 586871.9999999999      
1858 616967.9999999999      
1859 601919.9999999999      
1860 564299.9999999999      
1861 1.226412e+06           
1862 722303.9999999999      
1863 654587.9999999999      
1864 692207.9999999999      
1865 654587.9999999999      
1866 647063.9999999999      
1867 601919.9999999999      
1868 662111.9999999999      
1869 624491.9999999999      
1870 586871.9999999999      
1871 616967.9999999999      
1872 601919.9999999999      
1873 1.16622e+06            
1874 744875.9999999999      
1875 684683.9999999999      
1876 654587.9999999999      
1877 692207.9999999999      
1878 654587.9999999999      
1879 647063.9999999999      
1880 601919.9999999999      
1881 662111.9999999999      
1882 624491.9999999999      
1883 586871.9999999999      
1884 616967.9999999999      
1885 1.20384e+06            
1886 684683.9999999999      
1887 707255.9999999999      
1888 684683.9999999999      
1889 654587.9999999999      
1890 692207.9999999999      
1891 654587.9999999999      
1892 647063.9999999999      
1893 601919.9999999999      
1894 662111.9999999999      
1895 624491.9999999999      
1896 586871.9999999999      
1897 1.256508e+06           
1898 722303.9999999999      
1899 647063.9999999999      
1900 707255.9999999999      
1901 684683.9999999999      
1902 654587.9999999999      
1903 692207.9999999999      
1904 654587.9999999999      
1905 647063.9999999999      
1906 601919.9999999999      
1907 662111.9999999999      
1908 624491.9999999999      
1909 1.188792e+06           
1910 744875.9999999999      
1911 684683.9999999999      
1912 647063.9999999999      
1913 707255.9999999999      
1914 684683.9999999999      
1915 654587.9999999999      
1916 692207.9999999999      
1917 654587.9999999999      
1918 647063.9999999999      
1919 601919.9999999999      
1920 662111.9999999999      
1921 1.301652e+06           
1922 707255.9999999999      
1923 699731.9999999999      
1924 684683.9999999999      
1925 647063.9999999999      
1926 707255.9999999999      
1927 684683.9999999999      
1928 654587.9999999999      
1929 692207.9999999999      
1930 654587.9999999999      
1931 647063.9999999999      
1932 601919.9999999999      
1933 1.301652e+06           
1934 759923.9999999999      
1935 669635.9999999999      
1936 699731.9999999999      
1937 684683.9999999999      
1938 647063.9999999999      
1939 707255.9999999999      
1940 684683.9999999999      
1941 654587.9999999999      
1942 692207.9999999999      
1943 654587.9999999999      
1944 647063.9999999999      
1945 1.20384e+06            
1946 790019.9999999999      
1947 722303.9999999999      
1948 669635.9999999999      
1949 699731.9999999999      
1950 684683.9999999999      
1951 647063.9999999999      
1952 707255.9999999999      
1953 684683.9999999999      
1954 654587.9999999999      
1955 692207.9999999999      
1956 654587.9999999999      
1957 1.324224e+06           
1958 722303.9999999999      
1959 744875.9999999999      
1960 722303.9999999999      
1961 669635.9999999999      
1962 699731.9999999999      
1963 684683.9999999999      
1964 647063.9999999999      
1965 707255.9999999999      
1966 684683.9999999999      
1967 654587.9999999999      
1968 692207.9999999999      
1969 1.294128e+06           
1970 782495.9999999999      
1971 684683.9999999999      
1972 744875.9999999999      
1973 722303.9999999999      
1974 669635.9999999999      
1975 699731.9999999999      
1976 684683.9999999999      
1977 647063.9999999999      
1978 707255.9999999999      
1979 684683.9999999999      
1980 654587.9999999999      
1981 1.331748e+06           
1982 782495.9999999999      
1983 744875.9999999999      
1984 684683.9999999999      
1985 744875.9999999999      
1986 722303.9999999999      
1987 669635.9999999999      
1988 699731.9999999999      
1989 684683.9999999999      
1990 647063.9999999999      
1991 707255.9999999999      
1992 684683.9999999999      
1993 1.444608e+06           
1994 820115.9999999999      
1995 722303.9999999999      
1996 744875.9999999999      
1997 684683.9999999999      
1998 744875.9999999999      
1999 722303.9999999999      
2000 669635.9999999999      
2001 699731.9999999999      
2002 684683.9999999999      
2003 647063.9999999999      
2004 707255.9999999999      
2005 1.437084e+06           
2006 812591.9999999999      
2007 759923.9999999999      
2008 722303.9999999999      
2009 744875.9999999999      
2010 684683.9999999999      
2011 744875.9999999999      
2012 722303.9999999999      
2013 669635.9999999999      
2014 699731.9999999999      
2015 684683.9999999999      
2016 647063.9999999999      
2017 1.534896e+06           
2018 835163.9999999999      
2019 744875.9999999999      
2020 759923.9999999999      
2021 722303.9999999999      
2022 744875.9999999999      
2023 684683.9999999999      
2024 744875.9999999999      
2025 722303.9999999999      
2026 669635.9999999999      
2027 699731.9999999999      
2028 684683.9999999999      
2029 1.361844e+06           
2030 872783.9999999999      
2031 774971.9999999999      
2032 744875.9999999999      
2033 759923.9999999999      
2034 722303.9999999999      
2035 744875.9999999999      
2036 684683.9999999999      
2037 744875.9999999999      
2038 722303.9999999999      
2039 669635.9999999999      
2040 699731.9999999999      
2041 684683.9999999999      
2042 790019.9999999999      
2043 805067.9999999999      
2044 774971.9999999999      
2045 744875.9999999999      
2046 759923.9999999999      
2047 722303.9999999999      
2048 744875.9999999999      
2049 684683.9999999999      
2050 744875.9999999999      
2051 722303.9999999999      
2052 669635.9999999999      
2053 699731.9999999999      
2054 684683.9999999999      
2055 737351.9999999999      
2056 805067.9999999999      
2057 774971.9999999999      
2058 744875.9999999999      
2059 759923.9999999999      
2060 722303.9999999999      
2061 744875.9999999999      
2062 684683.9999999999      
2063 744875.9999999999      
2064 722303.9999999999      
2065 669635.9999999999      
2066 699731.9999999999      
2067 616967.9999999999      
2068 737351.9999999999      
2069 805067.9999999999      
2070 774971.9999999999      
2071 744875.9999999999      
2072 759923.9999999999      
2073 722303.9999999999      
2074 744875.9999999999      
2075 684683.9999999999      
2076 744875.9999999999      
2077 797543.9999999999      
2078 669635.9999999999      
2079 632015.9999999999      
2080 616967.9999999999      
2081 737351.9999999999      
2082 805067.9999999999      
2083 774971.9999999999      
2084 744875.9999999999      
2085 759923.9999999999      
2086 722303.9999999999      
2087 744875.9999999999      
2088 684683.9999999999      
2089 744875.9999999999      
2090 737351.9999999999      
2091 609443.9999999999      
2092 632015.9999999999      
2093 616967.9999999999      
2094 737351.9999999999      
2095 805067.9999999999      
2096 774971.9999999999      
2097 744875.9999999999      
2098 759923.9999999999      
2099 722303.9999999999      
2100 744875.9999999999      
2101 722303.9999999999      
2102 744875.9999999999      
2103 677159.9999999999      
2104 609443.9999999999      
2105 632015.9999999999      
2106 616967.9999999999      
2107 737351.9999999999      
2108 805067.9999999999      
2109 774971.9999999999      
2110 744875.9999999999      
2111 759923.9999999999      
2112 722303.9999999999      
2113 744875.9999999999      
2114 692207.9999999999      
2115 654587.9999999999      
2116 677159.9999999999      
2117 609443.9999999999      
2118 632015.9999999999      
2119 616967.9999999999      
2120 737351.9999999999      
2121 805067.9999999999      
2122 774971.9999999999      
2123 744875.9999999999      
2124 759923.9999999999      
2125 722303.9999999999      
2126 744875.9999999999      
2127 632015.9999999999      
2128 654587.9999999999      
2129 677159.9999999999      
2130 609443.9999999999      
2131 632015.9999999999      
2132 616967.9999999999      
2133 737351.9999999999      
2134 805067.9999999999      
2135 774971.9999999999      
2136 744875.9999999999      
2137 759923.9999999999      
2138 722303.9999999999      
2139 669635.9999999999      
2140 632015.9999999999      
2141 654587.9999999999      
2142 677159.9999999999      
2143 609443.9999999999      
2144 632015.9999999999      
2145 616967.9999999999      
2146 737351.9999999999      
2147 805067.9999999999      
2148 774971.9999999999      
2149 744875.9999999999      
2150 759923.9999999999      
2151 662111.9999999999      
2152 669635.9999999999      
2153 632015.9999999999      
2154 654587.9999999999      
2155 677159.9999999999      
2156 609443.9999999999      
2157 632015.9999999999      
2158 616967.9999999999      
2159 737351.9999999999      
2160 805067.9999999999      
2161 774971.9999999999      
2162 744875.9999999999      
2163 639539.9999999999      
2164 662111.9999999999      
2165 669635.9999999999      
2166 632015.9999999999      
2167 654587.9999999999      
2168 677159.9999999999      
2169 609443.9999999999      
2170 632015.9999999999      
2171 616967.9999999999      
2172 737351.9999999999      
2173 805067.9999999999      
2174 774971.9999999999      
2175 639539.9999999999      
2176 639539.9999999999      
2177 662111.9999999999      
2178 669635.9999999999      
2179 632015.9999999999      
2180 654587.9999999999      
2181 677159.9999999999      
2182 609443.9999999999      
2183 632015.9999999999      
2184 616967.9999999999      
2185 737351.9999999999      
2186 805067.9999999999      
2187 654587.9999999999      
2188 639539.9999999999      
2189 639539.9999999999      
2190 662111.9999999999      
2191 669635.9999999999      
2192 632015.9999999999      
2193 654587.9999999999      
2194 677159.9999999999      
2195 609443.9999999999      
2196 632015.9999999999      
2197 616967.9999999999      
2198 737351.9999999999      
2199 677159.9999999999      
2200 654587.9999999999      
2201 639539.9999999999      
2202 639539.9999999999      
2203 662111.9999999999      
2204 669635.9999999999      
2205 632015.9999999999      
2206 654587.9999999999      
2207 677159.9999999999      
2208 609443.9999999999      
2209 632015.9999999999      
2210 616967.9999999999      
2211 609443.9999999999      
2212 677159.9999999999      
2213 654587.9999999999      
2214 639539.9999999999      
2215 639539.9999999999      
2216 662111.9999999999      
2217 669635.9999999999      
2218 632015.9999999999      
2219 654587.9999999999      
2220 677159.9999999999      
2221 609443.9999999999      
2222 632015.9999999999      
2223 511631.9999999999      
2224 609443.9999999999      
2225 677159.9999999999      
2226 654587.9999999999      
2227 639539.9999999999      
2228 639539.9999999999      
2229 662111.9999999999      
2230 669635.9999999999      
2231 632015.9999999999      
2232 654587.9999999999      
2233 677159.9999999999      
2234 609443.9999999999      
2235 511631.9999999999      
2236 511631.9999999999      
2237 609443.9999999999      
2238 677159.9999999999      
2239 654587.9999999999      
2240 639539.9999999999      
2241 639539.9999999999      
2242 662111.9999999999      
2243 669635.9999999999      
2244 632015.9999999999      
2245 654587.9999999999      
2246 677159.9999999999      
2247 496583.9999999999      
2248 511631.9999999999      
2249 511631.9999999999      
2250 609443.9999999999      
2251 677159.9999999999      
2252 654587.9999999999      
2253 639539.9999999999      
2254 639539.9999999999      
2255 662111.9999999999      
2256 669635.9999999999      
2257 632015.9999999999      
2258 654587.9999999999      
2259 534203.9999999999      
2260 496583.9999999999      
2261 511631.9999999999      
2262 511631.9999999999      
2263 609443.9999999999      
2264 677159.9999999999      
2265 654587.9999999999      
2266 639539.9999999999      
2267 639539.9999999999      
2268 662111.9999999999      
2269 669635.9999999999      
2270 632015.9999999999      
2271 541727.9999999999      
2272 534203.9999999999      
2273 496583.9999999999      
2274 511631.9999999999      
2275 511631.9999999999      
2276 609443.9999999999      
2277 677159.9999999999      
2278 654587.9999999999      
2279 639539.9999999999      
2280 639539.9999999999      
2281 662111.9999999999      
2282 669635.9999999999      
2283 504107.9999999999      
2284 541727.9999999999      
2285 534203.9999999999      
2286 496583.9999999999      
2287 511631.9999999999      
2288 511631.9999999999      
2289 609443.9999999999      
2290 677159.9999999999      
2291 654587.9999999999      
2292 639539.9999999999      
2293 639539.9999999999      
2294 662111.9999999999      
2295 541727.9999999999      
2296 504107.9999999999      
2297 541727.9999999999      
2298 534203.9999999999      
2299 496583.9999999999      
2300 511631.9999999999      
2301 511631.9999999999      
2302 609443.9999999999      
2303 677159.9999999999      
2304 654587.9999999999      
2305 639539.9999999999      
2306 639539.9999999999      
2307 534203.9999999999      
2308 541727.9999999999      
2309 504107.9999999999      
2310 541727.9999999999      
2311 534203.9999999999      
2312 496583.9999999999      
2313 511631.9999999999      
2314 511631.9999999999      
2315 609443.9999999999      
2316 677159.9999999999      
2317 654587.9999999999      
2318 639539.9999999999      
2319 526679.9999999999      
2320 534203.9999999999      
2321 541727.9999999999      
2322 504107.9999999999      
2323 541727.9999999999      
2324 534203.9999999999      
2325 496583.9999999999      
2326 511631.9999999999      
2327 511631.9999999999      
2328 609443.9999999999      
2329 677159.9999999999      
2330 654587.9999999999      
2331 511631.9999999999      
2332 526679.9999999999      
2333 534203.9999999999      
2334 541727.9999999999      
2335 504107.9999999999      
2336 541727.9999999999      
2337 534203.9999999999      
2338 496583.9999999999      
2339 511631.9999999999      
2340 511631.9999999999      
2341 609443.9999999999      
2342 677159.9999999999      
2343 526679.9999999999      
2344 511631.9999999999      
2345 526679.9999999999      
2346 534203.9999999999      
2347 541727.9999999999      
2348 504107.9999999999      
2349 541727.9999999999      
2350 534203.9999999999      
2351 496583.9999999999      
2352 511631.9999999999      
2353 511631.9999999999      
2354 609443.9999999999      
2355 541727.9999999999      
2356 526679.9999999999      
2357 511631.9999999999      
2358 526679.9999999999      
2359 534203.9999999999      
2360 541727.9999999999      
2361 504107.9999999999      
2362 541727.9999999999      
2363 534203.9999999999      
2364 496583.9999999999      
2365 511631.9999999999      
2366 511631.9999999999      
2367 496583.9999999999      
2368 541727.9999999999      
2369 526679.9999999999      
2370 511631.9999999999      
2371 526679.9999999999      
2372 534203.9999999999      
2373 541727.9999999999      
2374 504107.9999999999      
2375 541727.9999999999      
2376 534203.9999999999      
2377 496583.9999999999      
2378 511631.9999999999      
2379 361151.9999999999      
2380 496583.9999999999      
2381 541727.9999999999      
2382 526679.9999999999      
2383 511631.9999999999      
2384 526679.9999999999      
2385 534203.9999999999      
2386 541727.9999999999      
2387 504107.9999999999      
2388 541727.9999999999      
2389 534203.9999999999      
2390 496583.9999999999      
2391 398771.9999999999      
2392 361151.9999999999      
2393 496583.9999999999      
2394 541727.9999999999      
2395 526679.9999999999      
2396 511631.9999999999      
2397 526679.9999999999      
2398 534203.9999999999      
2399 541727.9999999999      
