Time Quantity               
0    0                      
1    0                      
2    0                      
3    0                      
4    0                      
5    0                      
6    0                      
7    0                      
8    0                      
9    0                      
10   0                      
11   0                      
12   0                      
13   0                      
14   0                      
15   0                      
16   0                      
17   0                      
18   0                      
19   0                      
20   0                      
21   0                      
22   0                      
23   0                      
24   0                      
25   0                      
26   0                      
27   0                      
28   0                      
29   0                      
30   0                      
31   0                      
32   0                      
33   0                      
34   0                      
35   0                      
36   0                      
37   0                      
38   0                      
39   0                      
40   0                      
41   0                      
42   0                      
43   0                      
44   0                      
45   0                      
46   0                      
47   0                      
48   0                      
49   0                      
50   0                      
51   0                      
52   0                      
53   0                      
54   0                      
55   0                      
56   0                      
57   0                      
58   0                      
59   0                      
60   0                      
61   0                      
62   0                      
63   0                      
64   0                      
65   0                      
66   0                      
67   0                      
68   0                      
69   0                      
70   0                      
71   0                      
72   0                      
73   0                      
74   0                      
75   0                      
76   0                      
77   0                      
78   0                      
79   0                      
80   0                      
81   0                      
82   0                      
83   0                      
84   0                      
85   0                      
86   0                      
87   0                      
88   0                      
89   0                      
90   0                      
91   0                      
92   0                      
93   0                      
94   0                      
95   0                      
96   0                      
97   0                      
98   0                      
99   0                      
100  0                      
101  0                      
102  0                      
103  0                      
104  0                      
105  0                      
106  0                      
107  0                      
108  0                      
109  0                      
110  0                      
111  0                      
112  0                      
113  0                      
114  0                      
115  0                      
116  0                      
117  0                      
118  0                      
119  0                      
120  0                      
121  0                      
122  0                      
123  0                      
124  0                      
125  0                      
126  0                      
127  0                      
128  0                      
129  0                      
130  0                      
131  0                      
132  0                      
133  0                      
134  0                      
135  0                      
136  0                      
137  0                      
138  0                      
139  0                      
140  0                      
141  0                      
142  0                      
143  0                      
144  0                      
145  0                      
146  0                      
147  0                      
148  0                      
149  0                      
150  0                      
151  0                      
152  0                      
153  0                      
154  0                      
155  0                      
156  0                      
157  0                      
158  0                      
159  0                      
160  0                      
161  0                      
162  0                      
163  0                      
164  0                      
165  0                      
166  0                      
167  0                      
168  0                      
169  0                      
170  0                      
171  0                      
172  0                      
173  0                      
174  0                      
175  0                      
176  0                      
177  0                      
178  0                      
179  0                      
180  0                      
181  0                      
182  0                      
183  0                      
184  0                      
185  0                      
186  0                      
187  0                      
188  0                      
189  0                      
190  0                      
191  0                      
192  0                      
193  0                      
194  0                      
195  0                      
196  0                      
197  0                      
198  0                      
199  0                      
200  0                      
201  0                      
202  0                      
203  0                      
204  0                      
205  0                      
206  0                      
207  0                      
208  0                      
209  0                      
210  0                      
211  0                      
212  0                      
213  0                      
214  0                      
215  0                      
216  0                      
217  0                      
218  0                      
219  0                      
220  0                      
221  0                      
222  0                      
223  0                      
224  0                      
225  0                      
226  0                      
227  0                      
228  0                      
229  0                      
230  0                      
231  0                      
232  0                      
233  0                      
234  0                      
235  0                      
236  0                      
237  0                      
238  0                      
239  0                      
240  0                      
241  0                      
242  0                      
243  0                      
244  0                      
245  0                      
246  0                      
247  0                      
248  0                      
249  0                      
250  0                      
251  0                      
252  0                      
253  0                      
254  0                      
255  0                      
256  0                      
257  0                      
258  0                      
259  0                      
260  0                      
261  0                      
262  0                      
263  0                      
264  0                      
265  0                      
266  0                      
267  0                      
268  0                      
269  0                      
270  0                      
271  0                      
272  0                      
273  0                      
274  0                      
275  0                      
276  0                      
277  0                      
278  0                      
279  0                      
280  0                      
281  0                      
282  0                      
283  0                      
284  0                      
285  0                      
286  0                      
287  0                      
288  0                      
289  0                      
290  0                      
291  0                      
292  0                      
293  0                      
294  0                      
295  0                      
296  0                      
297  0                      
298  0                      
299  0                      
300  0                      
301  0                      
302  0                      
303  0                      
304  0                      
305  0                      
306  0                      
307  0                      
308  0                      
309  0                      
310  0                      
311  0                      
312  0                      
313  0                      
314  0                      
315  0                      
316  0                      
317  0                      
318  0                      
319  0                      
320  0                      
321  0                      
322  0                      
323  0                      
324  0                      
325  0                      
326  0                      
327  0                      
328  0                      
329  0                      
330  0                      
331  0                      
332  0                      
333  0                      
334  0                      
335  0                      
336  0                      
337  0                      
338  0                      
339  0                      
340  0                      
341  0                      
342  0                      
343  0                      
344  0                      
345  0                      
346  0                      
347  0                      
348  0                      
349  0                      
350  0                      
351  0                      
352  0                      
353  0                      
354  0                      
355  0                      
356  0                      
357  0                      
358  0                      
359  0                      
360  0                      
361  0                      
362  0                      
363  0                      
364  0                      
365  0                      
366  0                      
367  0                      
368  0                      
369  0                      
370  0                      
371  0                      
372  0                      
373  0                      
374  0                      
375  0                      
376  0                      
377  0                      
378  0                      
379  0                      
380  0                      
381  0                      
382  0                      
383  0                      
384  0                      
385  0                      
386  0                      
387  0                      
388  0                      
389  0                      
390  0                      
391  0                      
392  0                      
393  0                      
394  0                      
395  0                      
396  0                      
397  0                      
398  0                      
399  0                      
400  0                      
401  0                      
402  0                      
403  0                      
404  0                      
405  0                      
406  0                      
407  0                      
408  0                      
409  0                      
410  0                      
411  0                      
412  0                      
413  0                      
414  0                      
415  0                      
416  0                      
417  0                      
418  0                      
419  0                      
420  0                      
421  0                      
422  0                      
423  0                      
424  0                      
425  0                      
426  0                      
427  0                      
428  0                      
429  0                      
430  0                      
431  0                      
432  0                      
433  0                      
434  0                      
435  0                      
436  0                      
437  0                      
438  0                      
439  0                      
440  0                      
441  0                      
442  0                      
443  0                      
444  0                      
445  0                      
446  0                      
447  0                      
448  0                      
449  0                      
450  0                      
451  0                      
452  0                      
453  0                      
454  0                      
455  0                      
456  0                      
457  0                      
458  0                      
459  0                      
460  0                      
461  0                      
462  0                      
463  0                      
464  0                      
465  0                      
466  0                      
467  0                      
468  0                      
469  0                      
470  0                      
471  0                      
472  0                      
473  0                      
474  0                      
475  0                      
476  0                      
477  0                      
478  0                      
479  0                      
480  0                      
481  0                      
482  0                      
483  0                      
484  0                      
485  0                      
486  0                      
487  0                      
488  0                      
489  0                      
490  0                      
491  0                      
492  0                      
493  0                      
494  15048.000000000002     
495  15048.000000000002     
496  15048.000000000002     
497  15048.000000000002     
498  15048.000000000002     
499  15048.000000000002     
500  15048.000000000002     
501  15048.000000000002     
502  15048.000000000002     
503  15048.000000000002     
504  15048.000000000002     
505  15048.000000000002     
506  15048.000000000002     
507  30096.000000000004     
508  30096.000000000004     
509  30096.000000000004     
510  30096.000000000004     
511  30096.000000000004     
512  30096.000000000004     
513  30096.000000000004     
514  30096.000000000004     
515  30096.000000000004     
516  30096.000000000004     
517  30096.000000000004     
518  30096.000000000004     
519  30096.000000000004     
520  45144.00000000001      
521  45144.00000000001      
522  45144.00000000001      
523  45144.00000000001      
524  45144.00000000001      
525  45144.00000000001      
526  45144.00000000001      
527  45144.00000000001      
528  45144.00000000001      
529  45144.00000000001      
530  45144.00000000001      
531  45144.00000000001      
532  45144.00000000001      
533  60192.00000000001      
534  60192.00000000001      
535  60192.00000000001      
536  60192.00000000001      
537  60192.00000000001      
538  60192.00000000001      
539  60192.00000000001      
540  60192.00000000001      
541  60192.00000000001      
542  60192.00000000001      
543  60192.00000000001      
544  60192.00000000001      
545  60192.00000000001      
546  75240.00000000001      
547  75240.00000000001      
548  75240.00000000001      
549  75240.00000000001      
550  75240.00000000001      
551  75240.00000000001      
552  75240.00000000001      
553  75240.00000000001      
554  90288.00000000001      
555  90288.00000000001      
556  90288.00000000001      
557  90288.00000000001      
558  90288.00000000001      
559  105336.00000000001     
560  105336.00000000001     
561  105336.00000000001     
562  105336.00000000001     
563  105336.00000000001     
564  105336.00000000001     
565  105336.00000000001     
566  105336.00000000001     
567  120384.00000000001     
568  120384.00000000001     
569  120384.00000000001     
570  120384.00000000001     
571  120384.00000000001     
572  135432.00000000003     
573  135432.00000000003     
574  135432.00000000003     
575  135432.00000000003     
576  135432.00000000003     
577  135432.00000000003     
578  135432.00000000003     
579  120384.00000000001     
580  135432.00000000003     
581  135432.00000000003     
582  135432.00000000003     
583  135432.00000000003     
584  135432.00000000003     
585  150480.00000000003     
586  150480.00000000003     
587  150480.00000000003     
588  150480.00000000003     
589  150480.00000000003     
590  165528.00000000003     
591  165528.00000000003     
592  150480.00000000003     
593  165528.00000000003     
594  165528.00000000003     
595  165528.00000000003     
596  165528.00000000003     
597  165528.00000000003     
598  180576.00000000003     
599  180576.00000000003     
600  180576.00000000003     
601  180576.00000000003     
602  180576.00000000003     
603  195624.00000000003     
604  195624.00000000003     
605  180576.00000000003     
606  195624.00000000003     
607  195624.00000000003     
608  195624.00000000003     
609  195624.00000000003     
610  195624.00000000003     
611  210672.00000000003     
612  210672.00000000003     
613  210672.00000000003     
614  225720.00000000003     
615  225720.00000000003     
616  240768.00000000003     
617  240768.00000000003     
618  225720.00000000003     
619  240768.00000000003     
620  240768.00000000003     
621  240768.00000000003     
622  240768.00000000003     
623  240768.00000000003     
624  255816.00000000003     
625  255816.00000000003     
626  255816.00000000003     
627  270864                 
628  270864                 
629  285912                 
630  285912                 
631  270864.00000000006     
632  285912.00000000006     
633  285912.00000000006     
634  285912.00000000006     
635  285912.00000000006     
636  285912.00000000006     
637  300960.00000000006     
638  316008.00000000006     
639  300960.00000000006     
640  316008.00000000006     
641  316008.00000000006     
642  331056.00000000006     
643  331056.00000000006     
644  316008.00000000006     
645  331056.00000000006     
646  331056.00000000006     
647  331056.00000000006     
648  331056.00000000006     
649  331056.00000000006     
650  346104.00000000006     
651  361152.00000000006     
652  346104.00000000006     
653  361152.00000000006     
654  361152.00000000006     
655  376200.00000000006     
656  376200.00000000006     
657  361152                 
658  376200                 
659  376200                 
660  376200                 
661  376200                 
662  391248                 
663  406296                 
664  421344                 
665  406296.00000000006     
666  421344.00000000006     
667  421344.00000000006     
668  436392.00000000006     
669  436392.00000000006     
670  421344.00000000006     
671  436392.00000000006     
672  436392.00000000006     
673  436392.00000000006     
674  436392.00000000006     
675  436392.00000000006     
676  451440.00000000006     
677  466488.00000000006     
678  451440                 
679  466488                 
680  466488                 
681  481536                 
682  481536                 
683  466488                 
684  481536                 
685  481536                 
686  496584                 
687  496584                 
688  496584                 
689  511632                 
690  526680                 
691  511632                 
692  526680                 
693  526680                 
694  541728                 
695  541728                 
696  526680                 
697  541728                 
698  541728                 
699  541728                 
700  541728                 
701  541728                 
702  556776                 
703  571824                 
704  556776                 
705  571824                 
706  571824                 
707  586872                 
708  586872                 
709  571824                 
710  601920                 
711  601920                 
712  601920                 
713  601920                 
714  601920                 
715  616968                 
716  632016                 
717  616968                 
718  632016                 
719  632016                 
720  647064                 
721  647064                 
722  647064                 
723  662112                 
724  662112                 
725  662112                 
726  662112                 
727  662112.0000000001      
728  677160.0000000001      
729  692208.0000000001      
730  677160                 
731  692208                 
732  692208                 
733  707256                 
734  722304                 
735  722304                 
736  737352                 
737  737352                 
738  737352.0000000001      
739  737352.0000000001      
740  737352                 
741  752400                 
742  767448                 
743  752400                 
744  767448                 
745  767448                 
746  797544                 
747  797544                 
748  797544                 
749  812592                 
750  812592                 
751  812592                 
752  812592                 
753  812592.0000000001      
754  827640.0000000001      
755  842688.0000000001      
756  827640.0000000001      
757  842688.0000000001      
758  857736.0000000001      
759  887832.0000000001      
760  887832.0000000001      
761  887832.0000000001      
762  902880.0000000001      
763  902880.0000000001      
764  902880.0000000001      
765  902880.0000000001      
766  902880.0000000001      
767  917928.0000000001      
768  932976.0000000001      
769  917928.0000000001      
770  940500.0000000001      
771  940500.0000000001      
772  970596.0000000001      
773  970596.0000000001      
774  970596.0000000001      
775  985644.0000000001      
776  985644.0000000001      
777  985644.0000000001      
778  985644.0000000001      
779  985644.0000000001      
780  1.0006920000000001e+06 
781  1.0157400000000001e+06 
782  1.0157400000000001e+06 
783  1.0383120000000001e+06 
784  1.0383120000000001e+06 
785  1.0684080000000002e+06 
786  1.0684080000000002e+06 
787  1.0684080000000002e+06 
788  1.0834560000000002e+06 
789  1.0834560000000002e+06 
790  1.0834560000000002e+06 
791  1.0834560000000002e+06 
792  1.0834560000000002e+06 
793  1.0985040000000002e+06 
794  1.1286000000000002e+06 
795  1.1135520000000002e+06 
796  1.1361240000000002e+06 
797  1.1361240000000002e+06 
798  1.1662200000000002e+06 
799  1.1662200000000002e+06 
800  1.1662200000000002e+06 
801  1.1812680000000002e+06 
802  1.1812680000000002e+06 
803  1.1812680000000002e+06 
804  1.1812680000000002e+06 
805  1.1812680000000002e+06 
806  1.2113640000000002e+06 
807  1.2264120000000002e+06 
808  1.2113640000000002e+06 
809  1.2339360000000002e+06 
810  1.2339360000000002e+06 
811  1.2640320000000002e+06 
812  1.2640320000000002e+06 
813  1.2640320000000002e+06 
814  1.2790800000000002e+06 
815  1.2790800000000002e+06 
816  1.2790800000000002e+06 
817  1.2790800000000002e+06 
818  1.2941280000000002e+06 
819  1.3091760000000002e+06 
820  1.3242240000000002e+06 
821  1.3091760000000002e+06 
822  1.3317480000000002e+06 
823  1.3317480000000002e+06 
824  1.3618440000000002e+06 
825  1.3618440000000002e+06 
826  1.3618440000000002e+06 
827  1.3768920000000002e+06 
828  1.3768920000000002e+06 
829  1.3768920000000002e+06 
830  1.3919400000000002e+06 
831  1.3919400000000002e+06 
832  1.4069880000000002e+06 
833  1.4220360000000002e+06 
834  1.4069880000000002e+06 
835  1.4295600000000002e+06 
836  1.4295600000000002e+06 
837  1.4596560000000002e+06 
838  1.4596560000000002e+06 
839  1.4596560000000002e+06 
840  1.4747040000000002e+06 
841  1.4747040000000002e+06 
842  1.4972760000000002e+06 
843  1.4972760000000002e+06 
844  1.4972760000000002e+06 
845  1.5123240000000002e+06 
846  1.5273720000000002e+06 
847  1.5123240000000002e+06 
848  1.5348960000000002e+06 
849  1.5348960000000002e+06 
850  1.5649920000000002e+06 
851  1.5649920000000002e+06 
852  1.5649920000000002e+06 
853  1.5800400000000002e+06 
854  1.6101360000000002e+06 
855  1.6251840000000002e+06 
856  1.6251840000000002e+06 
857  1.6251840000000002e+06 
858  1.6402320000000002e+06 
859  1.6552800000000002e+06 
860  1.6402320000000002e+06 
861  1.6628040000000002e+06 
862  1.6628040000000002e+06 
863  1.6929000000000002e+06 
864  1.6929000000000002e+06 
865  1.6929000000000002e+06 
866  1.7455680000000002e+06 
867  1.7606160000000002e+06 
868  1.7756640000000002e+06 
869  1.7756640000000002e+06 
870  1.7756640000000002e+06 
871  1.7907120000000002e+06 
872  1.8057600000000002e+06 
873  1.7907120000000002e+06 
874  1.8132840000000002e+06 
875  1.8132840000000002e+06 
876  1.8433800000000002e+06 
877  1.8433800000000002e+06 
878  1.8810000000000002e+06 
879  1.9186200000000002e+06 
880  1.9336680000000002e+06 
881  1.9487160000000002e+06 
882  1.9487160000000002e+06 
883  1.9487160000000002e+06 
884  1.9637640000000002e+06 
885  1.9788120000000002e+06 
886  1.9637640000000002e+06 
887  1.9863360000000002e+06 
888  1.9863360000000002e+06 
889  2.0164320000000002e+06 
890  2.0540520000000002e+06 
891  2.0766240000000002e+06 
892  2.1142440000000005e+06 
893  2.1292920000000005e+06 
894  2.1443400000000005e+06 
895  2.1443400000000005e+06 
896  2.1443400000000005e+06 
897  2.1593880000000005e+06 
898  2.1744360000000005e+06 
899  2.1593880000000005e+06 
900  2.1819600000000005e+06 
901  2.1819600000000005e+06 
902  2.2496760000000005e+06 
903  2.2722480000000005e+06 
904  2.2948200000000005e+06 
905  2.3324400000000005e+06 
906  2.3474880000000005e+06 
907  2.3625360000000005e+06 
908  2.3625360000000005e+06 
909  2.3625360000000005e+06 
910  2.3775840000000005e+06 
911  2.3926320000000005e+06 
912  2.3775840000000005e+06 
913  2.4001560000000005e+06 
914  2.4377760000000005e+06 
915  2.4904440000000005e+06 
916  2.5130160000000005e+06 
917  2.5355880000000005e+06 
918  2.5732080000000005e+06 
919  2.5882560000000005e+06 
920  2.6033040000000005e+06 
921  2.6033040000000005e+06 
922  2.6033040000000005e+06 
923  2.6183520000000005e+06 
924  2.6334000000000005e+06 
925  2.6183520000000005e+06 
926  2.6785440000000005e+06 
927  2.6935920000000005e+06 
928  2.7462600000000005e+06 
929  2.7688320000000005e+06 
930  2.7914040000000005e+06 
931  2.8290240000000005e+06 
932  2.8440720000000005e+06 
933  2.8591200000000005e+06 
934  2.8591200000000005e+06 
935  2.8591200000000005e+06 
936  2.8741680000000005e+06 
937  2.8892160000000005e+06 
938  2.9117880000000005e+06 
939  2.9418840000000005e+06 
940  2.9569320000000005e+06 
941  3.0096000000000005e+06 
942  3.0321720000000005e+06 
943  3.0547440000000005e+06 
944  3.0923640000000005e+06 
945  3.1074120000000005e+06 
946  3.1224600000000005e+06 
947  3.1224600000000005e+06 
948  3.1224600000000005e+06 
949  3.1375080000000005e+06 
950  3.1901760000000005e+06 
951  3.1751280000000005e+06 
952  3.2052240000000005e+06 
953  3.2202720000000005e+06 
954  3.2729400000000005e+06 
955  3.2955120000000005e+06 
956  3.3180840000000005e+06 
957  3.3557040000000005e+06 
958  3.3707520000000005e+06 
959  3.3858000000000005e+06 
960  3.3858000000000005e+06 
961  3.3858000000000005e+06 
962  3.4384680000000005e+06 
963  3.4535160000000005e+06 
964  3.4384680000000005e+06 
965  3.4685640000000005e+06 
966  3.4836120000000005e+06 
967  3.5362800000000005e+06 
968  3.5588520000000005e+06 
969  3.5814240000000005e+06 
970  3.6190440000000005e+06 
971  3.6340920000000005e+06 
972  3.6491400000000005e+06 
973  3.6491400000000005e+06 
974  3.6942840000000005e+06 
975  3.7093320000000005e+06 
976  3.7243800000000005e+06 
977  3.7093320000000005e+06 
978  3.7394280000000005e+06 
979  3.7544760000000005e+06 
980  3.8071440000000005e+06 
981  3.8297160000000005e+06 
982  3.8522880000000005e+06 
983  3.8899080000000005e+06 
984  3.9049560000000005e+06 
985  3.9200040000000005e+06 
986  3.9576240000000005e+06 
987  3.9651480000000005e+06 
988  3.9801960000000005e+06 
989  3.9952440000000005e+06 
990  3.9801960000000005e+06 
991  4.0102920000000005e+06 
992  4.0253400000000005e+06 
993  4.0780080000000005e+06 
994  4.1005800000000005e+06 
995  4.1231520000000005e+06 
996  4.1607720000000005e+06 
997  4.1758200000000005e+06 
998  4.228488000000001e+06  
999  4.228488000000001e+06  
1000 4.236012000000001e+06  
1001 4.251060000000001e+06  
1002 4.266108000000001e+06  
1003 4.251060000000001e+06  
1004 4.281156000000001e+06  
1005 4.296204000000001e+06  
1006 4.348872000000001e+06  
1007 4.371444000000001e+06  
1008 4.394016000000001e+06  
1009 4.431636000000001e+06  
1010 4.491828000000001e+06  
1011 4.506876000000001e+06  
1012 4.506876000000001e+06  
1013 4.514400000000001e+06  
1014 4.529448000000001e+06  
1015 4.544496000000001e+06  
1016 4.529448000000001e+06  
1017 4.559544000000001e+06  
1018 4.574592000000001e+06  
1019 4.627260000000001e+06  
1020 4.649832000000001e+06  
1021 4.672404000000001e+06  
1022 4.747644000000001e+06  
1023 4.770216000000001e+06  
1024 4.785264000000001e+06  
1025 4.785264000000001e+06  
1026 4.792788000000001e+06  
1027 4.807836000000001e+06  
1028 4.822884000000001e+06  
1029 4.807836000000001e+06  
1030 4.837932000000001e+06  
1031 4.852980000000001e+06  
1032 4.905648000000001e+06  
1033 4.928220000000001e+06  
1034 4.988412000000001e+06  
1035 5.026032000000001e+06  
1036 5.048604000000001e+06  
1037 5.063652000000001e+06  
1038 5.063652000000001e+06  
1039 5.071176000000001e+06  
1040 5.086224000000001e+06  
1041 5.101272000000001e+06  
1042 5.086224000000001e+06  
1043 5.116320000000001e+06  
1044 5.131368000000001e+06  
1045 5.184036000000001e+06  
1046 5.266800000000001e+06  
1047 5.289372000000001e+06  
1048 5.326992000000001e+06  
1049 5.349564000000001e+06  
1050 5.364612000000001e+06  
1051 5.364612000000001e+06  
1052 5.372136000000001e+06  
1053 5.387184000000001e+06  
1054 5.402232000000001e+06  
1055 5.387184000000001e+06  
1056 5.417280000000001e+06  
1057 5.432328000000001e+06  
1058 5.545188000000001e+06  
1059 5.582808000000001e+06  
1060 5.605380000000001e+06  
1061 5.643000000000001e+06  
1062 5.665572000000001e+06  
1063 5.680620000000001e+06  
1064 5.680620000000001e+06  
1065 5.688144000000001e+06  
1066 5.703192000000001e+06  
1067 5.718240000000001e+06  
1068 5.703192000000001e+06  
1069 5.733288000000001e+06  
1070 5.816052000000001e+06  
1071 5.891292000000001e+06  
1072 5.928912000000001e+06  
1073 5.951484000000001e+06  
1074 5.989104000000001e+06  
1075 6.011676000000001e+06  
1076 6.026724000000001e+06  
1077 6.026724000000001e+06  
1078 6.034248000000001e+06  
1079 6.049296000000001e+06  
1080 6.064344000000001e+06  
1081 6.049296000000001e+06  
1082 6.139584000000001e+06  
1083 6.184728000000001e+06  
1084 6.259968000000001e+06  
1085 6.297588000000001e+06  
1086 6.320160000000001e+06  
1087 6.357780000000001e+06  
1088 6.380352000000001e+06  
1089 6.395400000000001e+06  
1090 6.395400000000001e+06  
1091 6.402924000000001e+06  
1092 6.417972000000001e+06  
1093 6.433020000000001e+06  
1094 6.485688000000001e+06  
1095 6.530832000000001e+06  
1096 6.575976000000001e+06  
1097 6.651216000000001e+06  
1098 6.688836000000001e+06  
1099 6.711408000000001e+06  
1100 6.749028000000001e+06  
1101 6.771600000000001e+06  
1102 6.786648000000001e+06  
1103 6.786648000000001e+06  
1104 6.794172000000001e+06  
1105 6.809220000000001e+06  
1106 6.876936000000001e+06  
1107 6.891984000000001e+06  
1108 6.937128000000001e+06  
1109 6.982272000000001e+06  
1110 7.057512000000001e+06  
1111 7.095132000000001e+06  
1112 7.117704000000001e+06  
1113 7.155324000000001e+06  
1114 7.177896000000001e+06  
1115 7.192944000000001e+06  
1116 7.192944000000001e+06  
1117 7.200468000000001e+06  
1118 7.283232000000001e+06  
1119 7.313328000000001e+06  
1120 7.328376000000001e+06  
1121 7.373520000000001e+06  
1122 7.418664000000001e+06  
1123 7.493904000000001e+06  
1124 7.531524000000001e+06  
1125 7.554096000000001e+06  
1126 7.591716000000001e+06  
1127 7.614288000000001e+06  
1128 7.629336000000001e+06  
1129 7.629336000000001e+06  
1130 7.704576000000001e+06  
1131 7.727148000000001e+06  
1132 7.757244000000001e+06  
1133 7.772292000000001e+06  
1134 7.817436000000001e+06  
1135 7.862580000000001e+06  
1136 7.937820000000001e+06  
1137 7.975440000000001e+06  
1138 7.998012000000001e+06  
1139 8.035632000000001e+06  
1140 8.058204000000001e+06  
1141 8.073252000000001e+06  
1142 8.133444000000001e+06  
1143 8.148492000000001e+06  
1144 8.171064000000001e+06  
1145 8.201160000000001e+06  
1146 8.216208000000001e+06  
1147 8.261352000000001e+06  
1148 8.306496000000001e+06  
1149 8.381736000000001e+06  
1150 8.419356000000002e+06  
1151 8.441928000000002e+06  
1152 8.479548000000002e+06  
1153 8.502120000000002e+06  
1154 8.577360000000002e+06  
1155 8.569836000000002e+06  
1156 8.584884000000002e+06  
1157 8.607456000000002e+06  
1158 8.637552000000002e+06  
1159 8.652600000000002e+06  
1160 8.697744000000002e+06  
1161 8.742888000000002e+06  
1162 8.818128000000002e+06  
1163 8.855748000000002e+06  
1164 8.878320000000002e+06  
1165 8.915940000000002e+06  
1166 9.028800000000002e+06  
1167 9.043848000000002e+06  
1168 9.036324000000002e+06  
1169 9.051372000000002e+06  
1170 9.073944000000002e+06  
1171 9.104040000000002e+06  
1172 9.119088000000002e+06  
1173 9.164232000000002e+06  
1174 9.209376000000002e+06  
1175 9.284616000000002e+06  
1176 9.322236000000002e+06  
1177 9.344808000000002e+06  
1178 9.442620000000002e+06  
1179 9.487764000000002e+06  
1180 9.502812000000002e+06  
1181 9.495288000000002e+06  
1182 9.510336000000002e+06  
1183 9.532908000000002e+06  
1184 9.563004000000002e+06  
1185 9.578052000000002e+06  
1186 9.623196000000002e+06  
1187 9.668340000000002e+06  
1188 9.743580000000002e+06  
1189 9.781200000000002e+06  
1190 9.879012000000002e+06  
1191 9.924156000000002e+06  
1192 9.969300000000002e+06  
1193 9.984348000000002e+06  
1194 9.976824000000002e+06  
1195 9.991872000000002e+06  
1196 1.0014444000000002e+07 
1197 1.0044540000000002e+07 
1198 1.0059588000000002e+07 
1199 1.0104732000000002e+07 
1200 1.0149876000000002e+07 
1201 1.0225116000000002e+07 
1202 1.0322928000000002e+07 
1203 1.0353024000000002e+07 
1204 1.0398168000000002e+07 
1205 1.0443312000000002e+07 
1206 1.0458360000000002e+07 
1207 1.0450836000000002e+07 
1208 1.0465884000000002e+07 
1209 1.0488456000000002e+07 
1210 1.0518552000000002e+07 
1211 1.0533600000000002e+07 
1212 1.0578744000000002e+07 
1213 1.0623888000000002e+07 
1214 1.0819512000000002e+07 
1215 1.0849608000000002e+07 
1216 1.0879704000000002e+07 
1217 1.0924848000000002e+07 
1218 1.0969992000000002e+07 
1219 1.0985040000000002e+07 
1220 1.0977516000000002e+07 
1221 1.0992564000000002e+07 
1222 1.1015136000000002e+07 
1223 1.1045232000000002e+07 
1224 1.1060280000000002e+07 
1225 1.1105424000000002e+07 
1226 1.1255904000000002e+07 
1227 1.1391336000000002e+07 
1228 1.1421432000000002e+07 
1229 1.1451528000000002e+07 
1230 1.1496672000000002e+07 
1231 1.1541816000000002e+07 
1232 1.1556864000000002e+07 
1233 1.1549340000000002e+07 
1234 1.1564388000000002e+07 
1235 1.1586960000000002e+07 
1236 1.1617056000000002e+07 
1237 1.1632104000000002e+07 
1238 1.1797632000000002e+07 
1239 1.1887920000000002e+07 
1240 1.2023352000000002e+07 
1241 1.2053448000000002e+07 
1242 1.2083544000000002e+07 
1243 1.2128688000000002e+07 
1244 1.2173832000000002e+07 
1245 1.2188880000000002e+07 
1246 1.2181356000000002e+07 
1247 1.2196404000000002e+07 
1248 1.2218976000000002e+07 
1249 1.2249072000000002e+07 
1250 1.2392028000000002e+07 
1251 1.2467268000000002e+07 
1252 1.2557556000000002e+07 
1253 1.2692988000000002e+07 
1254 1.2723084000000002e+07 
1255 1.2753180000000002e+07 
1256 1.2798324000000002e+07 
1257 1.2843468000000002e+07 
1258 1.2858516000000002e+07 
1259 1.2850992000000002e+07 
1260 1.2866040000000002e+07 
1261 1.2888612000000002e+07 
1262 1.3046616000000002e+07 
1263 1.3129380000000002e+07 
1264 1.3204620000000002e+07 
1265 1.3294908000000002e+07 
1266 1.3430340000000002e+07 
1267 1.3460436000000002e+07 
1268 1.3490532000000002e+07 
1269 1.3535676000000002e+07 
1270 1.3580820000000002e+07 
1271 1.3595868000000002e+07 
1272 1.3588344000000002e+07 
1273 1.3603392000000002e+07 
1274 1.3731300000000002e+07 
1275 1.3814064000000002e+07 
1276 1.3896828000000002e+07 
1277 1.3972068000000002e+07 
1278 1.4062356000000002e+07 
1279 1.4197788000000002e+07 
1280 1.4227884000000002e+07 
1281 1.4257980000000002e+07 
1282 1.4303124000000002e+07 
1283 1.4348268000000002e+07 
1284 1.4363316000000002e+07 
1285 1.4355792000000002e+07 
1286 1.4491224000000002e+07 
1287 1.4558940000000002e+07 
1288 1.4641704000000002e+07 
1289 1.4724468000000002e+07 
1290 1.4799708000000002e+07 
1291 1.4889996000000002e+07 
1292 1.5025428000000002e+07 
1293 1.5055524000000002e+07 
1294 1.5085620000000002e+07 
1295 1.5130764000000002e+07 
1296 1.5175908000000002e+07 
1297 1.5190956000000002e+07 
1298 1.5296292000000002e+07 
1299 1.5311340000000002e+07 
1300 1.5379056000000002e+07 
1301 1.5461820000000002e+07 
1302 1.5544584000000002e+07 
1303 1.5619824000000002e+07 
1304 1.5710112000000002e+07 
1305 1.5845544000000002e+07 
1306 1.5875640000000002e+07 
1307 1.5905736000000002e+07 
1308 1.5950880000000002e+07 
1309 1.5996024000000002e+07 
1310 1.6154028000000002e+07 
1311 1.6154028000000002e+07 
1312 1.6169076000000002e+07 
1313 1.6236792000000002e+07 
1314 1.6319556000000002e+07 
1315 1.6402320000000002e+07 
1316 1.6477560000000002e+07 
1317 1.6567848000000002e+07 
1318 1.6703280000000002e+07 
1319 1.6733376000000002e+07 
1320 1.6763472000000002e+07 
1321 1.6808616000000004e+07 
1322 1.6966620000000004e+07 
1323 1.7004240000000004e+07 
1324 1.7004240000000004e+07 
1325 1.7019288000000004e+07 
1326 1.7087004000000004e+07 
1327 1.7169768000000004e+07 
1328 1.7252532000000004e+07 
1329 1.7327772000000004e+07 
1330 1.7418060000000004e+07 
1331 1.7553492000000004e+07 
1332 1.7583588000000004e+07 
1333 1.7613684000000004e+07 
1334 1.7786736000000004e+07 
1335 1.7816832000000004e+07 
1336 1.7854452000000004e+07 
1337 1.7854452000000004e+07 
1338 1.7869500000000004e+07 
1339 1.7937216000000004e+07 
1340 1.8019980000000004e+07 
1341 1.8102744000000004e+07 
1342 1.8177984000000004e+07 
1343 1.8268272000000004e+07 
1344 1.8403704000000004e+07 
1345 1.8433800000000004e+07 
1346 1.8591804000000004e+07 
1347 1.8636948000000004e+07 
1348 1.8667044000000004e+07 
1349 1.8704664000000004e+07 
1350 1.8704664000000004e+07 
1351 1.8719712000000004e+07 
1352 1.8787428000000004e+07 
1353 1.8870192000000004e+07 
1354 1.8952956000000004e+07 
1355 1.9028196000000004e+07 
1356 1.9118484000000004e+07 
1357 1.9253916000000004e+07 
1358 1.9411920000000004e+07 
1359 1.9464588000000004e+07 
1360 1.9509732000000004e+07 
1361 1.9539828000000004e+07 
1362 1.9577448000000004e+07 
1363 1.9577448000000004e+07 
1364 1.9592496000000004e+07 
1365 1.9660212000000004e+07 
1366 1.9742976000000004e+07 
1367 1.9825740000000004e+07 
1368 1.9900980000000004e+07 
1369 1.9991268000000004e+07 
1370 2.0239560000000004e+07 
1371 2.0277180000000004e+07 
1372 2.0329848000000004e+07 
1373 2.0374992000000004e+07 
1374 2.0405088000000004e+07 
1375 2.0442708000000004e+07 
1376 2.0442708000000004e+07 
1377 2.0457756000000004e+07 
1378 2.0525472000000004e+07 
1379 2.0608236000000004e+07 
1380 2.0691000000000004e+07 
1381 2.0766240000000004e+07 
1382 2.0984436000000004e+07 
1383 2.1119868000000004e+07 
1384 2.1157488000000004e+07 
1385 2.1210156000000004e+07 
1386 2.1255300000000004e+07 
1387 2.1285396000000004e+07 
1388 2.1323016000000004e+07 
1389 2.1323016000000004e+07 
1390 2.1338064000000004e+07 
1391 2.1405780000000004e+07 
1392 2.1488544000000004e+07 
1393 2.1571308000000004e+07 
1394 2.1774456000000004e+07 
1395 2.1849696000000004e+07 
1396 2.1985128000000004e+07 
1397 2.2022748000000004e+07 
1398 2.2075416000000004e+07 
1399 2.2120560000000004e+07 
1400 2.2150656000000004e+07 
1401 2.2188276000000004e+07 
1402 2.2188276000000004e+07 
1403 2.2203324000000004e+07 
1404 2.2271040000000004e+07 
1405 2.2353804000000004e+07 
1406 2.2572000000000004e+07 
1407 2.2662288000000004e+07 
1408 2.2737528000000004e+07 
1409 2.2872960000000004e+07 
1410 2.2910580000000004e+07 
1411 2.2963248000000004e+07 
1412 2.3008392000000004e+07 
1413 2.3038488000000004e+07 
1414 2.3076108000000004e+07 
1415 2.3076108000000004e+07 
1416 2.3091156000000004e+07 
1417 2.3158872000000004e+07 
1418 2.3354496000000004e+07 
1419 2.3444784000000004e+07 
1420 2.3535072000000004e+07 
1421 2.3610312000000004e+07 
1422 2.3745744000000004e+07 
1423 2.3783364000000004e+07 
1424 2.3836032000000004e+07 
1425 2.3881176000000004e+07 
1426 2.3911272000000004e+07 
1427 2.3948892000000004e+07 
1428 2.3948892000000004e+07 
1429 2.3963940000000004e+07 
1430 2.4182136000000004e+07 
1431 2.4249852000000004e+07 
1432 2.4340140000000004e+07 
1433 2.4430428000000004e+07 
1434 2.4505668000000004e+07 
1435 2.4641100000000004e+07 
1436 2.4678720000000004e+07 
1437 2.4731388000000004e+07 
1438 2.4776532000000004e+07 
1439 2.4806628000000004e+07 
1440 2.4919488000000004e+07 
1441 2.4919488000000004e+07 
1442 2.5047396000000004e+07 
1443 2.5122636000000004e+07 
1444 2.5190352000000004e+07 
1445 2.5280640000000004e+07 
1446 2.5370928000000004e+07 
1447 2.5446168000000004e+07 
1448 2.5581600000000004e+07 
1449 2.5619220000000004e+07 
1450 2.5671888000000004e+07 
1451 2.5717032000000004e+07 
1452 2.5747128000000004e+07 
1453 2.5784748000000004e+07 
1454 2.5935228000000004e+07 
1455 2.5950276000000004e+07 
1456 2.6025516000000004e+07 
1457 2.6093232000000004e+07 
1458 2.6183520000000004e+07 
1459 2.6273808000000004e+07 
1460 2.6349048000000004e+07 
1461 2.6484480000000004e+07 
1462 2.6522100000000004e+07 
1463 2.6574768000000004e+07 
1464 2.6619912000000004e+07 
1465 2.6650008000000004e+07 
1466 2.6800488000000004e+07 
1467 2.6823060000000004e+07 
1468 2.6838108000000004e+07 
1469 2.6913348000000004e+07 
1470 2.6981064000000004e+07 
1471 2.7071352000000004e+07 
1472 2.7161640000000004e+07 
1473 2.7236880000000004e+07 
1474 2.7372312000000004e+07 
1475 2.7409932000000004e+07 
1476 2.7462600000000004e+07 
1477 2.7507744000000004e+07 
1478 2.7695844000000004e+07 
1479 2.7718416000000004e+07 
1480 2.7740988000000004e+07 
1481 2.7756036000000004e+07 
1482 2.7831276000000004e+07 
1483 2.7898992000000004e+07 
1484 2.7989280000000004e+07 
1485 2.8079568000000004e+07 
1486 2.8154808000000004e+07 
1487 2.8290240000000004e+07 
1488 2.8327860000000004e+07 
1489 2.8380528000000004e+07 
1490 2.8538532000000004e+07 
1491 2.8591200000000004e+07 
1492 2.8613772000000004e+07 
1493 2.8636344000000004e+07 
1494 2.8651392000000004e+07 
1495 2.8726632000000004e+07 
1496 2.8794348000000004e+07 
1497 2.8884636000000004e+07 
1498 2.8974924000000004e+07 
1499 2.9050164000000004e+07 
1500 2.9260836000000004e+07 
1501 2.9298456000000004e+07 
1502 2.9509128000000004e+07 
1503 2.9539224000000004e+07 
1504 2.9591892000000004e+07 
1505 2.9614464000000004e+07 
1506 2.9637036000000004e+07 
1507 2.9652084000000004e+07 
1508 2.9727324000000004e+07 
1509 2.9795040000000004e+07 
1510 2.9885328000000004e+07 
1511 2.9975616000000004e+07 
1512 3.0050856000000004e+07 
1513 3.0186288000000004e+07 
1514 3.0344292000000004e+07 
1515 3.0404484000000004e+07 
1516 3.0434580000000004e+07 
1517 3.0487248000000004e+07 
1518 3.0509820000000004e+07 
1519 3.0532392000000004e+07 
1520 3.0547440000000004e+07 
1521 3.0622680000000004e+07 
1522 3.0690396000000004e+07 
1523 3.0780684000000004e+07 
1524 3.0870972000000004e+07 
1525 3.0870972000000004e+07 
1526 3.1156884000000004e+07 
1527 3.1202028000000004e+07 
1528 3.1277268000000004e+07 
1529 3.1307364000000004e+07 
1530 3.1360032000000004e+07 
1531 3.1382604000000004e+07 
1532 3.1405176000000004e+07 
1533 3.1420224000000004e+07 
1534 3.1495464000000004e+07 
1535 3.1563180000000004e+07 
1536 3.1728708000000004e+07 
1537 3.1818996000000004e+07 
1538 3.2014620000000004e+07 
1539 3.2135004000000004e+07 
1540 3.2180148000000004e+07 
1541 3.2255388000000004e+07 
1542 3.2285484000000004e+07 
1543 3.2338152000000004e+07 
1544 3.2360724000000004e+07 
1545 3.2383296000000004e+07 
1546 3.2398344000000004e+07 
1547 3.2473584000000004e+07 
1548 3.2541300000000004e+07 
1549 3.2631588000000004e+07 
1550 3.2872356000000004e+07 
1551 3.2955120000000004e+07 
1552 3.3075504000000004e+07 
1553 3.3120648000000004e+07 
1554 3.3195888e+07          
1555 3.3225984000000004e+07 
1556 3.3278652000000004e+07 
1557 3.3301224000000004e+07 
1558 3.3323796000000004e+07 
1559 3.3338844000000004e+07 
1560 3.3489324000000004e+07 
1561 3.355704000000001e+07  
1562 3.379028400000001e+07  
1563 3.385800000000001e+07  
1564 3.394076400000001e+07  
1565 3.4061148e+07          
1566 3.410629200000001e+07  
1567 3.418153200000001e+07  
1568 3.421162800000001e+07  
1569 3.426429600000001e+07  
1570 3.428686800000001e+07  
1571 3.430944000000001e+07  
1572 3.432448800000001e+07  
1573 3.439972800000001e+07  
1574 3.460287600000001e+07  
1575 3.472326000000001e+07  
1576 3.479097600000001e+07  
1577 3.487374e+07           
1578 3.499412400000001e+07  
1579 3.503926800000001e+07  
1580 3.511450800000001e+07  
1581 3.514460400000001e+07  
1582 3.519727200000001e+07  
1583 3.521984400000001e+07  
1584 3.531765600000001e+07  
1585 3.525746400000001e+07  
1586 3.546813600000001e+07  
1587 3.549823200000001e+07  
1588 3.5633664e+07          
1589 3.570138000000001e+07  
1590 3.578414400000001e+07  
1591 3.590452800000001e+07  
1592 3.594967200000001e+07  
1593 3.602491200000001e+07  
1594 3.6055008e+07          
1595 3.610767600000001e+07  
1596 3.6130248e+07          
1597 3.615282e+07           
1598 3.6325872e+07          
1599 3.641616e+07           
1600 3.6446256e+07          
1601 3.6581688e+07          
1602 3.664940400000001e+07  
1603 3.673216800000001e+07  
1604 3.6852552e+07          
1605 3.689769600000001e+07  
1606 3.697293600000001e+07  
1607 3.7003032e+07          
1608 3.713094e+07           
1609 3.7153512e+07          
1610 3.729646800000001e+07  
1611 3.730399200000001e+07  
1612 3.739428000000001e+07  
1613 3.742437600000001e+07  
1614 3.755980800000001e+07  
1615 3.762752400000001e+07  
1616 3.771028800000001e+07  
1617 3.783067200000001e+07  
1618 3.787581600000001e+07  
1619 3.795105600000001e+07  
1620 3.798115200000001e+07  
1621 3.795858000000001e+07  
1622 3.813915600000001e+07  
1623 3.816172800000001e+07  
1624 3.818430000000001e+07  
1625 3.827458800000001e+07  
1626 3.830468400000001e+07  
1627 3.844011600000001e+07  
1628 3.850783200000001e+07  
1629 3.859059600000001e+07  
1630 3.871098000000001e+07  
1631 3.875612400000001e+07  
1632 3.890660400000001e+07  
1633 3.893670000000001e+07  
1634 3.913232400000001e+07  
1635 3.914737200000001e+07  
1636 3.916994400000001e+07  
1637 3.919251600000001e+07  
1638 3.928280400000001e+07  
1639 3.931290000000001e+07  
1640 3.944833200000001e+07  
1641 3.951604800000001e+07  
1642 3.959881200000001e+07  
1643 3.971919600000001e+07  
1644 3.976434000000001e+07  
1645 3.976434000000001e+07  
1646 3.993739200000001e+07  
1647 3.999006000000001e+07  
1648 4.002015600000001e+07  
1649 4.004272800000001e+07  
1650 4.006530000000001e+07  
1651 4.015558800000001e+07  
1652 4.018568400000001e+07  
1653 4.032111600000001e+07  
1654 4.038883200000001e+07  
1655 4.047159600000001e+07  
1656 4.066722000000001e+07  
1657 4.071236400000001e+07  
1658 4.093056000000001e+07  
1659 4.095313200000001e+07  
1660 4.100580000000001e+07  
1661 4.103589600000001e+07  
1662 4.105846800000001e+07  
1663 4.108104000000001e+07  
1664 4.117132800000001e+07  
1665 4.120142400000001e+07  
1666 4.133685600000001e+07  
1667 4.140457200000001e+07  
1668 4.156257600000001e+07  
1669 4.160772000000001e+07  
1670 4.181839200000001e+07  
1671 4.188610800000001e+07  
1672 4.192372800000001e+07  
1673 4.197639600000001e+07  
1674 4.200649200000001e+07  
1675 4.202906400000001e+07  
1676 4.205163600000001e+07  
1677 4.214192400000001e+07  
1678 4.217202000000001e+07  
1679 4.230745200000001e+07  
1680 4.245040800000001e+07  
1681 4.253317200000001e+07  
1682 4.278898800000001e+07  
1683 4.282660800000001e+07  
1684 4.289432400000001e+07  
1685 4.293194400000001e+07  
1686 4.298461200000001e+07  
1687 4.301470800000001e+07  
1688 4.303728000000001e+07  
1689 4.305985200000001e+07  
1690 4.315014000000001e+07  
1691 4.318023600000001e+07  
1692 4.339090800000001e+07  
1693 4.338338400000001e+07  
1694 4.357900800000001e+07  
1695 4.369939200000001e+07  
1696 4.375206000000001e+07  
1697 4.381977600000001e+07  
1698 4.385739600000001e+07  
1699 4.391006400000001e+07  
1700 4.394016000000001e+07  
1701 4.396273200000001e+07  
1702 4.398530400000001e+07  
1703 4.407559200000001e+07  
1704 4.418092800000001e+07  
1705 4.431636000000001e+07  
1706 4.448941200000001e+07  
1707 4.451198400000001e+07  
1708 4.463236800000001e+07  
1709 4.468503600000001e+07  
1710 4.475275200000001e+07  
1711 4.479037200000001e+07  
1712 4.484304000000001e+07  
1713 4.487313600000001e+07  
1714 4.489570800000001e+07  
1715 4.491828000000001e+07  
1716 4.504618800000001e+07  
1717 4.500104400000001e+07  
1718 4.524933600000001e+07  
1719 4.527190800000001e+07  
1720 4.5309528e+07          
1721 4.542991200000001e+07  
1722 4.548258000000001e+07  
1723 4.555029600000001e+07  
1724 4.558791600000001e+07  
1725 4.564058400000001e+07  
1726 4.567068000000001e+07  
1727 4.569325200000001e+07  
1728 4.579106400000001e+07  
1729 4.588135200000001e+07  
1730 4.600926000000001e+07  
1731 4.609954800000001e+07  
1732 4.612212000000001e+07  
1733 4.615974000000001e+07  
1734 4.628012400000001e+07  
1735 4.633279200000001e+07  
1736 4.640050800000001e+07  
1737 4.643812800000001e+07  
1738 4.649079600000001e+07  
1739 4.652089200000001e+07  
1740 4.661870400000001e+07  
1741 4.656603600000001e+07  
1742 4.676166000000001e+07  
1743 4.673156400000001e+07  
1744 4.683690000000001e+07  
1745 4.685947200000001e+07  
1746 4.689709200000001e+07  
1747 4.701747600000001e+07  
1748 4.707014400000001e+07  
1749 4.713786000000001e+07  
1750 4.717548000000001e+07  
1751 4.722814800000001e+07  
1752 4.733348400000001e+07  
1753 4.7280816e+07          
1754 4.741624800000001e+07  
1755 4.743129600000001e+07  
1756 4.741624800000001e+07  
1757 4.752158400000001e+07  
1758 4.754415600000001e+07  
1759 4.758177600000001e+07  
1760 4.770216000000001e+07  
1761 4.775482800000001e+07  
1762 4.782254400000001e+07  
1763 4.786016400000001e+07  
1764 4.798807200000001e+07  
1765 4.794292800000001e+07  
1766 4.807083600000001e+07  
1767 4.805578800000001e+07  
1768 4.8085884e+07          
1769 4.807083600000001e+07  
1770 4.817617200000001e+07  
1771 4.819874400000001e+07  
1772 4.823636400000001e+07  
1773 4.835674800000001e+07  
1774 4.840941600000001e+07  
1775 4.847713200000001e+07  
1776 4.8589992e+07          
1777 4.856742000000001e+07  
1778 4.871037600000001e+07  
1779 4.871037600000001e+07  
1780 4.8710376e+07          
1781 4.874047200000001e+07  
1782 4.8725424e+07          
1783 4.883076e+07           
1784 4.885333200000001e+07  
1785 4.889095200000001e+07  
1786 4.901133600000001e+07  
1787 4.906400400000001e+07  
1788 4.924458000000001e+07  
1789 4.920696000000001e+07  
1790 4.937248800000001e+07  
1791 4.938753600000001e+07  
1792 4.940258400000001e+07  
1793 4.940258400000001e+07  
1794 4.943268000000001e+07  
1795 4.941763200000001e+07  
1796 4.952296800000001e+07  
1797 4.954554000000001e+07  
1798 4.958316000000001e+07  
1799 4.970354400000001e+07  
1800 4.990669200000001e+07  
1801 4.993678800000001e+07  
1802 5.009479200000001e+07  
1803 5.011736400000001e+07  
1804 5.013993600000001e+07  
1805 5.015498400000001e+07  
1806 5.015498400000001e+07  
1807 5.018508000000001e+07  
1808 5.017003200000001e+07  
1809 5.027536800000001e+07  
1810 5.029794000000001e+07  
1811 5.033556000000001e+07  
1812 5.064404400000001e+07  
1813 5.062147200000001e+07  
1814 5.079452400000001e+07  
1815 5.081709600000001e+07  
1816 5.085471600000001e+07  
1817 5.087728800000001e+07  
1818 5.089233600000001e+07  
1819 5.089233600000001e+07  
1820 5.092243200000001e+07  
1821 5.090738400000001e+07  
1822 5.101272000000001e+07  
1823 5.103529200000001e+07  
1824 5.126101200000001e+07  
1825 5.130615600000001e+07  
1826 5.147920800000001e+07  
1827 5.150930400000001e+07  
1828 5.154692400000001e+07  
1829 5.158454400000001e+07  
1830 5.160711600000001e+07  
1831 5.162216400000001e+07  
1832 5.162216400000001e+07  
1833 5.165226000000001e+07  
1834 5.163721200000001e+07  
1835 5.174254800000001e+07  
1836 5.195322000000001e+07  
1837 5.191560000000001e+07  
1838 5.214884400000001e+07  
1839 5.217141600000001e+07  
1840 5.221656000000001e+07  
1841 5.225418000000001e+07  
1842 5.229180000000001e+07  
1843 5.231437200000001e+07  
1844 5.232942000000001e+07  
1845 5.232942000000001e+07  
1846 5.235951600000001e+07  
1847 5.234446800000001e+07  
1848 5.263790400000001e+07  
1849 5.258523600000001e+07  
1850 5.274324000000001e+07  
1851 5.283352800000001e+07  
1852 5.287114800000001e+07  
1853 5.291629200000001e+07  
1854 5.295391200000001e+07  
1855 5.299153200000001e+07  
1856 5.301410400000001e+07  
1857 5.302915200000001e+07  
1858 5.302915200000001e+07  
1859 5.305924800000001e+07  
1860 5.323230000000001e+07  
1861 5.326239600000001e+07  
1862 5.340535200000001e+07  
1863 5.341287600000001e+07  
1864 5.351821200000001e+07  
1865 5.355583200000001e+07  
1866 5.360097600000001e+07  
1867 5.363859600000001e+07  
1868 5.367621600000001e+07  
1869 5.369878800000001e+07  
1870 5.371383600000001e+07  
1871 5.371383600000001e+07  
1872 5.393203200000001e+07  
1873 5.380412400000001e+07  
1874 5.402984400000001e+07  
1875 5.402232000000001e+07  
1876 5.405241600000001e+07  
1877 5.415775200000001e+07  
1878 5.419537200000001e+07  
1879 5.424051600000001e+07  
1880 5.427813600000001e+07  
1881 5.431575600000001e+07  
1882 5.433832800000001e+07  
1883 5.435337600000001e+07  
1884 5.454147600000001e+07  
1885 5.442109200000001e+07  
1886 5.452642800000001e+07  
1887 5.459414400000001e+07  
1888 5.461671600000001e+07  
1889 5.464681200000001e+07  
1890 5.475214800000001e+07  
1891 5.478976800000001e+07  
1892 5.483491200000001e+07  
1893 5.487253200000001e+07  
1894 5.491015200000001e+07  
1895 5.493272400000001e+07  
1896 5.513587200000001e+07  
1897 5.494777200000001e+07  
1898 5.509825200000001e+07  
1899 5.506063200000001e+07  
1900 5.516596800000001e+07  
1901 5.518854000000001e+07  
1902 5.521863600000001e+07  
1903 5.532397200000001e+07  
1904 5.536159200000001e+07  
1905 5.540673600000001e+07  
1906 5.5444356e+07          
1907 5.548197600000001e+07  
1908 5.569264800000001e+07  
1909 5.551959600000001e+07  
1910 5.564750400000001e+07  
1911 5.563998000000001e+07  
1912 5.563998000000001e+07  
1913 5.574531600000001e+07  
1914 5.576788800000001e+07  
1915 5.579798400000001e+07  
1916 5.590332000000001e+07  
1917 5.594094000000001e+07  
1918 5.598608400000001e+07  
1919 5.602370400000001e+07  
1920 5.628704400000001e+07  
1921 5.612151600000001e+07  
1922 5.625694800000001e+07  
1923 5.622685200000001e+07  
1924 5.625694800000001e+07  
1925 5.625694800000001e+07  
1926 5.636228400000001e+07  
1927 5.638485600000001e+07  
1928 5.641495200000001e+07  
1929 5.652028800000001e+07  
1930 5.655790800000001e+07  
1931 5.660305200000001e+07  
1932 5.682877200000001e+07  
1933 5.6678292e+07          
1934 5.683629600000001e+07  
1935 5.681372400000001e+07  
1936 5.682124800000001e+07  
1937 5.685134400000001e+07  
1938 5.685134400000001e+07  
1939 5.695668000000001e+07  
1940 5.697925200000001e+07  
1941 5.700934800000001e+07  
1942 5.711468400000001e+07  
1943 5.715230400000001e+07  
1944 5.738554800000001e+07  
1945 5.723506800000001e+07  
1946 5.740059600000001e+07  
1947 5.740059600000001e+07  
1948 5.741564400000001e+07  
1949 5.742316800000001e+07  
1950 5.745326400000001e+07  
1951 5.7453264e+07          
1952 5.755860000000001e+07  
1953 5.758117200000001e+07  
1954 5.761126800000001e+07  
1955 5.771660400000001e+07  
1956 5.797994400000001e+07  
1957 5.783698800000001e+07  
1958 5.7994992e+07          
1959 5.799499200000001e+07  
1960 5.803261200000001e+07  
1961 5.804766e+07           
1962 5.805518400000001e+07  
1963 5.808528000000001e+07  
1964 5.808528000000001e+07  
1965 5.819061600000001e+07  
1966 5.821318800000001e+07  
1967 5.824328400000001e+07  
1968 5.853672e+07           
1969 5.838624000000001e+07  
1970 5.856681600000001e+07  
1971 5.8566816e+07          
1972 5.8604436e+07          
1973 5.864205600000001e+07  
1974 5.865710400000001e+07  
1975 5.866462800000001e+07  
1976 5.869472400000001e+07  
1977 5.8694724e+07          
1978 5.880006000000001e+07  
1979 5.882263200000001e+07  
1980 5.904082800000001e+07  
1981 5.8958064e+07          
1982 5.912359200000001e+07  
1983 5.914616400000001e+07  
1984 5.9183784e+07          
1985 5.922140400000001e+07  
1986 5.9259024e+07          
1987 5.927407200000001e+07  
1988 5.928159600000001e+07  
1989 5.9311692e+07          
1990 5.931169200000001e+07  
1991 5.9417028e+07          
1992 5.974056000000001e+07  
1993 5.958255600000001e+07  
1994 5.98158e+07            
1995 5.9793228e+07          
1996 5.985342000000001e+07  
1997 5.989104e+07           
1998 5.992866e+07           
1999 5.996628000000001e+07  
2000 5.9981328e+07          
2001 5.9988852e+07          
2002 6.001894800000001e+07  
2003 6.001894800000001e+07  
2004 6.042524400000001e+07  
2005 6.022209600000001e+07  
2006 6.041019600000001e+07  
2007 6.0462864e+07          
2008 6.048543600000001e+07  
2009 6.0545628e+07          
2010 6.0583248e+07          
2011 6.062086800000001e+07  
2012 6.065848800000001e+07  
2013 6.067353600000001e+07  
2014 6.068106000000001e+07  
2015 6.071115600000001e+07  
2016 6.104973600000001e+07  
2017 6.096697200000001e+07  
2018 6.114002400000001e+07  
2019 6.112497600000001e+07  
2020 6.121526400000001e+07  
2021 6.123783600000001e+07  
2022 6.129802800000001e+07  
2023 6.133564800000001e+07  
2024 6.137326800000001e+07  
2025 6.141088800000001e+07  
2026 6.142593600000001e+07  
2027 6.143346000000001e+07  
2028 6.176451600000001e+07  
2029 6.157641600000001e+07  
2030 6.184728000000001e+07  
2031 6.183223200000001e+07  
2032 6.185480400000001e+07  
2033 6.194509200000001e+07  
2034 6.196766400000001e+07  
2035 6.202785600000001e+07  
2036 6.206547600000001e+07  
2037 6.210309600000001e+07  
2038 6.214071600000001e+07  
2039 6.215576400000001e+07  
2040 6.250186800000001e+07  
2041 6.230624400000001e+07  
2042 6.244920000000001e+07  
2043 6.253196400000001e+07  
2044 6.256206000000001e+07  
2045 6.258463200000001e+07  
2046 6.267492000000001e+07  
2047 6.269749200000001e+07  
2048 6.275768400000001e+07  
2049 6.279530400000001e+07  
2050 6.283292400000001e+07  
2051 6.287054400000001e+07  
2052 6.314893200000001e+07  
2053 6.296835600000001e+07  
2054 6.299845200000001e+07  
2055 6.295330800000001e+07  
2056 6.307369200000001e+07  
2057 6.310378800000001e+07  
2058 6.312636000000001e+07  
2059 6.321664800000001e+07  
2060 6.323922000000001e+07  
2061 6.329941200000001e+07  
2062 6.333703200000001e+07  
2063 6.337465200000001e+07  
2064 6.375085200000001e+07  
2065 6.357780000000001e+07  
2066 6.358532400000001e+07  
2067 6.341979600000001e+07  
2068 6.341227200000001e+07  
2069 6.353265600000001e+07  
2070 6.356275200000001e+07  
2071 6.358532400000001e+07  
2072 6.367561200000001e+07  
2073 6.369818400000001e+07  
2074 6.375837600000001e+07  
2075 6.379599600000001e+07  
2076 6.417219600000001e+07  
2077 6.390885600000001e+07  
2078 6.392390400000001e+07  
2079 6.373580400000001e+07  
2080 6.363046800000001e+07  
2081 6.362294400000001e+07  
2082 6.374332800000001e+07  
2083 6.377342400000001e+07  
2084 6.379599600000001e+07  
2085 6.388628400000001e+07  
2086 6.390885600000001e+07  
2087 6.396904800000001e+07  
2088 6.430762800000001e+07  
2089 6.404428800000001e+07  
2090 6.409695600000001e+07  
2091 6.389380800000001e+07  
2092 6.376590000000001e+07  
2093 6.366056400000001e+07  
2094 6.365304000000001e+07  
2095 6.377342400000001e+07  
2096 6.380352000000001e+07  
2097 6.382609200000001e+07  
2098 6.391638000000001e+07  
2099 6.393895200000001e+07  
2100 6.430010400000001e+07  
2101 6.399914400000001e+07  
2102 6.403676400000001e+07  
2103 6.387876000000001e+07  
2104 6.374332800000001e+07  
2105 6.361542000000001e+07  
2106 6.351008400000001e+07  
2107 6.350256000000001e+07  
2108 6.362294400000001e+07  
2109 6.365304000000001e+07  
2110 6.367561200000001e+07  
2111 6.376590000000001e+07  
2112 6.423991200000001e+07  
2113 6.399914400000001e+07  
2114 6.404428800000001e+07  
2115 6.382609200000001e+07  
2116 6.372828000000001e+07  
2117 6.359284800000001e+07  
2118 6.346494000000001e+07  
2119 6.335960400000001e+07  
2120 6.335208000000001e+07  
2121 6.347246400000001e+07  
2122 6.350256000000001e+07  
2123 6.352513200000001e+07  
2124 6.391638000000001e+07  
2125 6.360037200000001e+07  
2126 6.366056400000001e+07  
2127 6.350256000000001e+07  
2128 6.335208000000001e+07  
2129 6.325426800000001e+07  
2130 6.311883600000001e+07  
2131 6.299092800000001e+07  
2132 6.288559200000001e+07  
2133 6.287806800000001e+07  
2134 6.299845200000001e+07  
2135 6.302854800000001e+07  
2136 6.342732000000001e+07  
2137 6.325426800000001e+07  
2138 6.327684000000001e+07  
2139 6.326179200000001e+07  
2140 6.315645600000001e+07  
2141 6.300597600000001e+07  
2142 6.290816400000001e+07  
2143 6.277273200000001e+07  
2144 6.264482400000001e+07  
2145 6.253948800000001e+07  
2146 6.253196400000001e+07  
2147 6.265234800000001e+07  
2148 6.298340400000001e+07  
2149 6.266739600000001e+07  
2150 6.275768400000001e+07  
2151 6.272006400000001e+07  
2152 6.277273200000001e+07  
2153 6.266739600000001e+07  
2154 6.251691600000001e+07  
2155 6.241910400000001e+07  
2156 6.228367200000001e+07  
2157 6.215576400000001e+07  
2158 6.205042800000001e+07  
2159 6.204290400000001e+07  
2160 6.276520800000001e+07  
2161 6.245672400000001e+07  
2162 6.247929600000001e+07  
2163 6.244920000000001e+07  
2164 6.247929600000001e+07  
2165 6.253196400000001e+07  
2166 6.242662800000001e+07  
2167 6.227614800000001e+07  
2168 6.217833600000001e+07  
2169 6.204290400000001e+07  
2170 6.191499600000001e+07  
2171 6.180966000000001e+07  
2172 6.232881600000001e+07  
2173 6.214824000000001e+07  
2174 6.217833600000001e+07  
2175 6.208052400000001e+07  
2176 6.211062000000001e+07  
2177 6.214071600000001e+07  
2178 6.219338400000001e+07  
2179 6.208804800000001e+07  
2180 6.193756800000001e+07  
2181 6.183975600000001e+07  
2182 6.170432400000001e+07  
2183 6.157641600000001e+07  
2184 6.207300000000001e+07  
2185 6.176451600000001e+07  
2186 6.188490000000001e+07  
2187 6.179461200000001e+07  
2188 6.175699200000001e+07  
2189 6.178708800000001e+07  
2190 6.181718400000001e+07  
2191 6.186985200000001e+07  
2192 6.176451600000001e+07  
2193 6.161403600000001e+07  
2194 6.151622400000001e+07  
2195 6.138079200000001e+07  
2196 6.189242400000001e+07  
2197 6.133564800000001e+07  
2198 6.132812400000001e+07  
2199 6.131307600000001e+07  
2200 6.131307600000001e+07  
2201 6.127545600000001e+07  
2202 6.130555200000001e+07  
2203 6.133564800000001e+07  
2204 6.138831600000001e+07  
2205 6.128298000000001e+07  
2206 6.113250000000001e+07  
2207 6.103468800000001e+07  
2208 6.153879600000001e+07  
2209 6.110992800000001e+07  
2210 6.100459200000001e+07  
2211 6.086916000000001e+07  
2212 6.091430400000001e+07  
2213 6.091430400000001e+07  
2214 6.087668400000001e+07  
2215 6.090678000000001e+07  
2216 6.093687600000001e+07  
2217 6.098954400000001e+07  
2218 6.088420800000001e+07  
2219 6.073372800000001e+07  
2220 6.1162596e+07          
2221 6.065096400000001e+07  
2222 6.052305600000001e+07  
2223 6.031238400000001e+07  
2224 6.025219200000001e+07  
2225 6.029733600000001e+07  
2226 6.029733600000001e+07  
2227 6.025971600000001e+07  
2228 6.028981200000001e+07  
2229 6.031990800000001e+07  
2230 6.037257600000001e+07  
2231 6.026724000000001e+07  
2232 6.071868e+07           
2233 6.031990800000001e+07  
2234 6.018447600000001e+07  
2235 5.993618400000001e+07  
2236 5.978570400000001e+07  
2237 5.9725512e+07          
2238 5.977065600000001e+07  
2239 5.977065600000001e+07  
2240 5.9733036e+07          
2241 5.976313200000001e+07  
2242 5.9793228e+07          
2243 5.9845896e+07          
2244 6.030486000000001e+07  
2245 5.955246000000001e+07  
2246 5.945464800000001e+07  
2247 5.920635600000001e+07  
2248 5.907844800000001e+07  
2249 5.892796800000001e+07  
2250 5.886777600000001e+07  
2251 5.891292000000001e+07  
2252 5.891292000000001e+07  
2253 5.887530000000001e+07  
2254 5.890539600000001e+07  
2255 5.893549200000001e+07  
2256 5.970294000000001e+07  
2257 5.907092400000001e+07  
2258 5.892044400000001e+07  
2259 5.867967600000001e+07  
2260 5.853672000000001e+07  
2261 5.840881200000001e+07  
2262 5.825833200000001e+07  
2263 5.819814000000001e+07  
2264 5.824328400000001e+07  
2265 5.824328400000001e+07  
2266 5.820566400000001e+07  
2267 5.823576000000001e+07  
2268 5.8830156e+07          
2269 5.828090400000001e+07  
2270 5.817556800000001e+07  
2271 5.791222800000001e+07  
2272 5.779184400000001e+07  
2273 5.764888800000001e+07  
2274 5.752098000000001e+07  
2275 5.737050000000001e+07  
2276 5.731030800000001e+07  
2277 5.735545200000001e+07  
2278 5.735545200000001e+07  
2279 5.731783200000001e+07  
2280 5.798746800000001e+07  
2281 5.737802400000001e+07  
2282 5.743069200000001e+07  
2283 5.719744800000001e+07  
2284 5.706201600000001e+07  
2285 5.694163200000001e+07  
2286 5.679867600000001e+07  
2287 5.667076800000001e+07  
2288 5.652028800000001e+07  
2289 5.646009600000001e+07  
2290 5.650524000000001e+07  
2291 5.650524e+07           
2292 5.710716000000001e+07  
2293 5.649771600000001e+07  
2294 5.6527812e+07          
2295 5.645257200000001e+07  
2296 5.634723600000001e+07  
2297 5.621180400000001e+07  
2298 5.609142e+07           
2299 5.594846400000001e+07  
2300 5.582055600000001e+07  
2301 5.567007600000001e+07  
2302 5.560988400000001e+07  
2303 5.5655028e+07          
2304 5.629456800000001e+07  
2305 5.573026800000001e+07  
2306 5.5760364e+07          
2307 5.566255200000001e+07  
2308 5.569264800000001e+07  
2309 5.5587312e+07          
2310 5.545188000000001e+07  
2311 5.533149600000001e+07  
2312 5.518854e+07           
2313 5.5060632e+07          
2314 5.4910152e+07          
2315 5.484996e+07           
2316 5.5459404e+07          
2317 5.4857484e+07          
2318 5.4819864e+07          
2319 5.473710000000001e+07  
2320 5.475967200000001e+07  
2321 5.478976800000001e+07  
2322 5.468443200000001e+07  
2323 5.4549e+07             
2324 5.442861600000001e+07  
2325 5.428566000000001e+07  
2326 5.415775200000001e+07  
2327 5.400727200000001e+07  
2328 5.458662000000001e+07  
2329 5.406746400000001e+07  
2330 5.406746400000001e+07  
2331 5.390193600000001e+07  
2332 5.393203200000001e+07  
2333 5.395460400000001e+07  
2334 5.398470000000001e+07  
2335 5.387936400000001e+07  
2336 5.3743932e+07          
2337 5.362354800000001e+07  
2338 5.348059200000001e+07  
2339 5.335268400000001e+07  
2340 5.384174400000001e+07  
2341 5.3066772e+07          
2342 5.311191600000001e+07  
2343 5.298400800000001e+07  
2344 5.296143600000001e+07  
2345 5.2991532e+07          
2346 5.301410400000001e+07  
2347 5.30442e+07            
2348 5.2938864e+07          
2349 5.280343200000001e+07  
2350 5.268304800000001e+07  
2351 5.254009200000001e+07  
2352 5.308934400000001e+07  
2353 5.237456400000001e+07  
2354 5.231437200000001e+07  
2355 5.222408400000001e+07  
2356 5.220903600000001e+07  
2357 5.218646400000001e+07  
2358 5.221656000000001e+07  
2359 5.223913200000001e+07  
2360 5.226922800000001e+07  
2361 5.216389200000001e+07  
2362 5.202846000000001e+07  
2363 5.190807600000001e+07  
2364 5.232942000000001e+07  
2365 5.156197200000001e+07  
2366 5.1411492e+07          
2367 5.123844000000001e+07  
2368 5.127606000000001e+07  
2369 5.126101200000001e+07  
2370 5.123844000000001e+07  
2371 5.126853600000001e+07  
2372 5.129110800000001e+07  
2373 5.132120400000001e+07  
2374 5.121586800000001e+07  
2375 5.108043600000001e+07  
2376 5.171245200000001e+07  
2377 5.092995600000001e+07  
2378 5.080204800000001e+07  
2379 5.050108800000001e+07  
2380 5.045594400000001e+07  
2381 5.049356400000001e+07  
2382 5.047851600000001e+07  
2383 5.045594400000001e+07  
2384 5.048604000000001e+07  
2385 5.050861200000001e+07  
2386 5.053870800000001e+07  
2387 5.043337200000001e+07  
2388 5.086224000000001e+07  
2389 5.010231600000001e+07  
2390 4.995936000000001e+07  
2391 4.971859200000001e+07  
2392 4.954554e+07           
2393 4.950039600000001e+07  
2394 4.953801600000001e+07  
2395 4.952296800000001e+07  
2396 4.950039600000001e+07  
2397 4.953049200000001e+07  
2398 4.955306400000001e+07  
2399 4.958316000000001e+07  
