Time Quantity    
0    0           
1    0           
2    0           
3    0           
4    0           
5    0           
6    0           
7    0           
8    0           
9    0           
10   0           
11   0           
12   0           
13   0           
14   0           
15   0           
16   0           
17   0           
18   0           
19   0           
20   0           
21   0           
22   0           
23   0           
24   0           
25   0           
26   0           
27   0           
28   0           
29   0           
30   0           
31   0           
32   0           
33   0           
34   0           
35   0           
36   0           
37   0           
38   0           
39   0           
40   0           
41   0           
42   0           
43   0           
44   0           
45   0           
46   0           
47   0           
48   0           
49   0           
50   0           
51   0           
52   0           
53   0           
54   0           
55   0           
56   0           
57   0           
58   0           
59   0           
60   0           
61   0           
62   0           
63   0           
64   0           
65   0           
66   0           
67   0           
68   0           
69   0           
70   0           
71   0           
72   0           
73   0           
74   0           
75   0           
76   0           
77   0           
78   0           
79   0           
80   0           
81   0           
82   0           
83   0           
84   0           
85   0           
86   0           
87   0           
88   0           
89   0           
90   0           
91   0           
92   0           
93   0           
94   0           
95   0           
96   0           
97   0           
98   0           
99   0           
100  0           
101  0           
102  0           
103  0           
104  0           
105  0           
106  0           
107  0           
108  0           
109  0           
110  0           
111  0           
112  0           
113  0           
114  0           
115  0           
116  0           
117  0           
118  0           
119  0           
120  0           
121  0           
122  0           
123  0           
124  0           
125  0           
126  0           
127  0           
128  0           
129  0           
130  0           
131  0           
132  0           
133  0           
134  0           
135  0           
136  0           
137  0           
138  0           
139  0           
140  0           
141  0           
142  0           
143  0           
144  0           
145  0           
146  0           
147  0           
148  0           
149  0           
150  0           
151  0           
152  0           
153  0           
154  0           
155  0           
156  0           
157  0           
158  0           
159  0           
160  0           
161  0           
162  0           
163  0           
164  0           
165  0           
166  0           
167  0           
168  0           
169  0           
170  0           
171  0           
172  0           
173  0           
174  0           
175  0           
176  0           
177  0           
178  0           
179  0           
180  0           
181  0           
182  0           
183  0           
184  0           
185  0           
186  0           
187  0           
188  0           
189  0           
190  0           
191  0           
192  0           
193  0           
194  0           
195  0           
196  0           
197  0           
198  0           
199  0           
200  0           
201  0           
202  0           
203  0           
204  0           
205  0           
206  0           
207  0           
208  0           
209  0           
210  0           
211  0           
212  0           
213  0           
214  0           
215  0           
216  0           
217  0           
218  0           
219  0           
220  0           
221  0           
222  0           
223  0           
224  0           
225  0           
226  0           
227  0           
228  0           
229  0           
230  0           
231  0           
232  0           
233  0           
234  0           
235  0           
236  0           
237  0           
238  0           
239  0           
240  0           
241  0           
242  0           
243  0           
244  0           
245  0           
246  0           
247  0           
248  0           
249  0           
250  0           
251  0           
252  0           
253  0           
254  0           
255  0           
256  0           
257  0           
258  0           
259  0           
260  0           
261  0           
262  0           
263  0           
264  0           
265  0           
266  0           
267  0           
268  0           
269  0           
270  0           
271  0           
272  0           
273  0           
274  0           
275  0           
276  0           
277  0           
278  0           
279  0           
280  0           
281  0           
282  0           
283  0           
284  0           
285  0           
286  0           
287  0           
288  0           
289  0           
290  0           
291  0           
292  0           
293  0           
294  0           
295  0           
296  0           
297  0           
298  0           
299  0           
300  0           
301  0           
302  0           
303  0           
304  0           
305  0           
306  0           
307  0           
308  0           
309  0           
310  0           
311  0           
312  0           
313  0           
314  0           
315  0           
316  0           
317  0           
318  0           
319  0           
320  0           
321  0           
322  0           
323  0           
324  0           
325  0           
326  0           
327  0           
328  0           
329  0           
330  0           
331  0           
332  0           
333  0           
334  0           
335  0           
336  0           
337  0           
338  0           
339  0           
340  0           
341  0           
342  0           
343  0           
344  0           
345  0           
346  0           
347  0           
348  0           
349  0           
350  0           
351  0           
352  0           
353  0           
354  0           
355  0           
356  0           
357  0           
358  0           
359  0           
360  0           
361  0           
362  0           
363  0           
364  0           
365  0           
366  0           
367  0           
368  0           
369  0           
370  0           
371  0           
372  0           
373  0           
374  0           
375  0           
376  0           
377  0           
378  0           
379  0           
380  0           
381  0           
382  0           
383  0           
384  0           
385  0           
386  0           
387  0           
388  0           
389  0           
390  0           
391  0           
392  0           
393  0           
394  0           
395  0           
396  0           
397  0           
398  0           
399  0           
400  0           
401  0           
402  0           
403  0           
404  0           
405  0           
406  0           
407  0           
408  0           
409  0           
410  0           
411  0           
412  0           
413  0           
414  0           
415  0           
416  0           
417  0           
418  0           
419  0           
420  0           
421  0           
422  0           
423  0           
424  0           
425  0           
426  0           
427  0           
428  0           
429  0           
430  0           
431  0           
432  0           
433  0           
434  0           
435  0           
436  0           
437  0           
438  0           
439  0           
440  0           
441  0           
442  0           
443  0           
444  0           
445  0           
446  0           
447  0           
448  0           
449  0           
450  0           
451  0           
452  0           
453  0           
454  0           
455  0           
456  0           
457  0           
458  0           
459  0           
460  0           
461  0           
462  0           
463  0           
464  0           
465  0           
466  0           
467  0           
468  0           
469  0           
470  0           
471  0           
472  0           
473  0           
474  0           
475  0           
476  0           
477  0           
478  0           
479  0           
480  0           
481  0           
482  0           
483  0           
484  0           
485  0           
486  0           
487  0           
488  0           
489  0           
490  0           
491  0           
492  0           
493  0           
494  14980       
495  0           
496  0           
497  0           
498  0           
499  0           
500  0           
501  0           
502  0           
503  0           
504  0           
505  0           
506  0           
507  14980       
508  0           
509  0           
510  0           
511  0           
512  0           
513  0           
514  0           
515  0           
516  0           
517  0           
518  0           
519  0           
520  14980       
521  0           
522  0           
523  0           
524  0           
525  0           
526  0           
527  0           
528  0           
529  0           
530  0           
531  0           
532  0           
533  14980       
534  0           
535  0           
536  0           
537  0           
538  0           
539  0           
540  0           
541  0           
542  0           
543  0           
544  0           
545  0           
546  14980       
547  0           
548  0           
549  0           
550  0           
551  0           
552  0           
553  0           
554  14980       
555  0           
556  0           
557  0           
558  0           
559  14980       
560  0           
561  0           
562  0           
563  0           
564  0           
565  0           
566  0           
567  14980       
568  0           
569  0           
570  0           
571  0           
572  14980       
573  0           
574  0           
575  0           
576  0           
577  0           
578  0           
579  0           
580  14980       
581  0           
582  0           
583  0           
584  0           
585  14980       
586  0           
587  0           
588  0           
589  0           
590  14980       
591  0           
592  0           
593  14980       
594  0           
595  0           
596  0           
597  0           
598  14980       
599  0           
600  0           
601  0           
602  0           
603  14980       
604  0           
605  0           
606  14980       
607  0           
608  0           
609  0           
610  0           
611  14980       
612  0           
613  0           
614  14980       
615  0           
616  14980       
617  0           
618  0           
619  14980       
620  0           
621  0           
622  0           
623  0           
624  14980       
625  0           
626  0           
627  14980       
628  0           
629  14980       
630  0           
631  0           
632  14980       
633  0           
634  0           
635  0           
636  0           
637  14980       
638  14980       
639  0           
640  14980       
641  0           
642  14980       
643  0           
644  0           
645  14980       
646  0           
647  0           
648  0           
649  0           
650  14980       
651  14980       
652  0           
653  14980       
654  0           
655  14980       
656  0           
657  0           
658  14980       
659  0           
660  0           
661  0           
662  14980       
663  14980       
664  14980       
665  0           
666  14980       
667  0           
668  14980       
669  0           
670  0           
671  14980       
672  0           
673  0           
674  0           
675  14980       
676  14980       
677  14980       
678  0           
679  14980       
680  0           
681  14980       
682  0           
683  0           
684  14980       
685  0           
686  14980       
687  0           
688  14980       
689  14980       
690  14980       
691  0           
692  14980       
693  0           
694  14980       
695  0           
696  0           
697  14980       
698  0           
699  14980       
700  0           
701  14980       
702  14980       
703  14980       
704  0           
705  14980       
706  0           
707  14980       
708  0           
709  0           
710  29960       
711  0           
712  14980       
713  0           
714  14980       
715  14980       
716  14980       
717  0           
718  14980       
719  0           
720  14980       
721  0           
722  14980       
723  29960       
724  0           
725  14980       
726  0           
727  14980       
728  14980       
729  14980       
730  0           
731  14980       
732  0           
733  14980       
734  14980       
735  14980       
736  29960       
737  0           
738  14980       
739  0           
740  14980       
741  14980       
742  14980       
743  0           
744  14980       
745  0           
746  29960       
747  14980       
748  14980       
749  29960       
750  0           
751  14980       
752  0           
753  14980       
754  14980       
755  14980       
756  0           
757  14980       
758  22470       
759  29960       
760  14980       
761  14980       
762  29960       
763  0           
764  14980       
765  0           
766  14980       
767  14980       
768  14980       
769  0           
770  29960       
771  22470       
772  29960       
773  14980       
774  14980       
775  29960       
776  0           
777  14980       
778  0           
779  14980       
780  14980       
781  14980       
782  14980       
783  29960       
784  22470       
785  29960       
786  14980       
787  14980       
788  29960       
789  0           
790  14980       
791  0           
792  14980       
793  14980       
794  29960       
795  14980       
796  29960       
797  22470       
798  29960       
799  14980       
800  14980       
801  29960       
802  0           
803  14980       
804  0           
805  14980       
806  29960       
807  29960       
808  14980       
809  29960       
810  22470       
811  29960       
812  14980       
813  14980       
814  29960       
815  0           
816  14980       
817  0           
818  29960       
819  29960       
820  29960       
821  14980       
822  29960       
823  22470       
824  29960       
825  14980       
826  14980       
827  29960       
828  0           
829  14980       
830  22470       
831  29960       
832  29960       
833  29960       
834  14980       
835  29960       
836  22470       
837  29960       
838  14980       
839  14980       
840  29960       
841  0           
842  44940       
843  22470       
844  29960       
845  29960       
846  29960       
847  14980       
848  29960       
849  22470       
850  29960       
851  14980       
852  14980       
853  29960       
854  37450       
855  44940       
856  22470       
857  29960       
858  29960       
859  29960       
860  14980       
861  29960       
862  22470       
863  29960       
864  14980       
865  14980       
866  67410       
867  37450       
868  44940       
869  22470       
870  29960       
871  29960       
872  29960       
873  14980       
874  29960       
875  22470       
876  29960       
877  14980       
878  52430       
879  67410       
880  37450       
881  44940       
882  22470       
883  29960       
884  29960       
885  29960       
886  14980       
887  29960       
888  22470       
889  29960       
890  52430       
891  52430       
892  67410       
893  37450       
894  44940       
895  22470       
896  29960       
897  29960       
898  29960       
899  14980       
900  29960       
901  22470       
902  67410       
903  52430       
904  52430       
905  67410       
906  37450       
907  44940       
908  22470       
909  29960       
910  29960       
911  29960       
912  14980       
913  29960       
914  59920       
915  67410       
916  52430       
917  52430       
918  67410       
919  37450       
920  44940       
921  22470       
922  29960       
923  29960       
924  29960       
925  14980       
926  67410       
927  59920       
928  67410       
929  52430       
930  52430       
931  67410       
932  37450       
933  44940       
934  22470       
935  29960       
936  29960       
937  29960       
938  52430       
939  67410       
940  59920       
941  67410       
942  52430       
943  52430       
944  67410       
945  37450       
946  44940       
947  22470       
948  29960       
949  29960       
950  67410       
951  52430       
952  67410       
953  59920       
954  67410       
955  52430       
956  52430       
957  67410       
958  37450       
959  44940       
960  22470       
961  29960       
962  67410       
963  67410       
964  52430       
965  67410       
966  59920       
967  67410       
968  52430       
969  52430       
970  67410       
971  37450       
972  44940       
973  22470       
974  74900       
975  67410       
976  67410       
977  52430       
978  67410       
979  59920       
980  67410       
981  52430       
982  52430       
983  67410       
984  37450       
985  44940       
986  59920       
987  74900       
988  67410       
989  67410       
990  52430       
991  67410       
992  59920       
993  67410       
994  52430       
995  52430       
996  67410       
997  37450       
998  82390       
999  59920       
1000 74900       
1001 67410       
1002 67410       
1003 52430       
1004 67410       
1005 59920       
1006 67410       
1007 52430       
1008 52430       
1009 67410       
1010 82390       
1011 82390       
1012 59920       
1013 74900       
1014 67410       
1015 67410       
1016 52430       
1017 67410       
1018 59920       
1019 67410       
1020 52430       
1021 52430       
1022 104860      
1023 82390       
1024 82390       
1025 59920       
1026 74900       
1027 67410       
1028 67410       
1029 52430       
1030 67410       
1031 59920       
1032 67410       
1033 52430       
1034 97370       
1035 104860      
1036 82390       
1037 82390       
1038 59920       
1039 74900       
1040 67410       
1041 67410       
1042 52430       
1043 67410       
1044 59920       
1045 67410       
1046 112350      
1047 97370       
1048 104860      
1049 82390       
1050 82390       
1051 59920       
1052 74900       
1053 67410       
1054 67410       
1055 52430       
1056 67410       
1057 59920       
1058 127330      
1059 112350      
1060 97370       
1061 104860      
1062 82390       
1063 82390       
1064 59920       
1065 74900       
1066 67410       
1067 67410       
1068 52430       
1069 67410       
1070 119840      
1071 127330      
1072 112350      
1073 97370       
1074 104860      
1075 82390       
1076 82390       
1077 59920       
1078 74900       
1079 67410       
1080 67410       
1081 52430       
1082 127330      
1083 119840      
1084 127330      
1085 112350      
1086 97370       
1087 104860      
1088 82390       
1089 82390       
1090 59920       
1091 74900       
1092 67410       
1093 67410       
1094 119840      
1095 127330      
1096 119840      
1097 127330      
1098 112350      
1099 97370       
1100 104860      
1101 82390       
1102 82390       
1103 59920       
1104 74900       
1105 67410       
1106 127330      
1107 119840      
1108 127330      
1109 119840      
1110 127330      
1111 112350      
1112 97370       
1113 104860      
1114 82390       
1115 82390       
1116 59920       
1117 74900       
1118 134820      
1119 127330      
1120 119840      
1121 127330      
1122 119840      
1123 127330      
1124 112350      
1125 97370       
1126 104860      
1127 82390       
1128 82390       
1129 59920       
1130 134820      
1131 134820      
1132 127330      
1133 119840      
1134 127330      
1135 119840      
1136 127330      
1137 112350      
1138 97370       
1139 104860      
1140 82390       
1141 82390       
1142 127330      
1143 134820      
1144 134820      
1145 127330      
1146 119840      
1147 127330      
1148 119840      
1149 127330      
1150 112350      
1151 97370       
1152 104860      
1153 82390       
1154 142310      
1155 127330      
1156 134820      
1157 134820      
1158 127330      
1159 119840      
1160 127330      
1161 119840      
1162 127330      
1163 112350      
1164 97370       
1165 104860      
1166 164780      
1167 142310      
1168 127330      
1169 134820      
1170 134820      
1171 127330      
1172 119840      
1173 127330      
1174 119840      
1175 127330      
1176 112350      
1177 97370       
1178 172270      
1179 164780      
1180 142310      
1181 127330      
1182 134820      
1183 134820      
1184 127330      
1185 119840      
1186 127330      
1187 119840      
1188 127330      
1189 112350      
1190 164780      
1191 172270      
1192 164780      
1193 142310      
1194 127330      
1195 134820      
1196 134820      
1197 127330      
1198 119840      
1199 127330      
1200 119840      
1201 127330      
1202 179760      
1203 164780      
1204 172270      
1205 164780      
1206 142310      
1207 127330      
1208 134820      
1209 134820      
1210 127330      
1211 119840      
1212 127330      
1213 119840      
1214 247170      
1215 179760      
1216 164780      
1217 172270      
1218 164780      
1219 142310      
1220 127330      
1221 134820      
1222 134820      
1223 127330      
1224 119840      
1225 127330      
1226 224700      
1227 247170      
1228 179760      
1229 164780      
1230 172270      
1231 164780      
1232 142310      
1233 127330      
1234 134820      
1235 134820      
1236 127330      
1237 119840      
1238 254660      
1239 224700      
1240 247170      
1241 179760      
1242 164780      
1243 172270      
1244 164780      
1245 142310      
1246 127330      
1247 134820      
1248 134820      
1249 127330      
1250 247170      
1251 254660      
1252 224700      
1253 247170      
1254 179760      
1255 164780      
1256 172270      
1257 164780      
1258 142310      
1259 127330      
1260 134820      
1261 134820      
1262 247170      
1263 247170      
1264 254660      
1265 224700      
1266 247170      
1267 179760      
1268 164780      
1269 172270      
1270 164780      
1271 142310      
1272 127330      
1273 134820      
1274 239680      
1275 247170      
1276 247170      
1277 254660      
1278 224700      
1279 247170      
1280 179760      
1281 164780      
1282 172270      
1283 164780      
1284 142310      
1285 127330      
1286 262150      
1287 239680      
1288 247170      
1289 247170      
1290 254660      
1291 224700      
1292 247170      
1293 179760      
1294 164780      
1295 172270      
1296 164780      
1297 142310      
1298 239680      
1299 262150      
1300 239680      
1301 247170      
1302 247170      
1303 254660      
1304 224700      
1305 247170      
1306 179760      
1307 164780      
1308 172270      
1309 164780      
1310 284620      
1311 239680      
1312 262150      
1313 239680      
1314 247170      
1315 247170      
1316 254660      
1317 224700      
1318 247170      
1319 179760      
1320 164780      
1321 172270      
1322 277130      
1323 284620      
1324 239680      
1325 262150      
1326 239680      
1327 247170      
1328 247170      
1329 254660      
1330 224700      
1331 247170      
1332 179760      
1333 164780      
1334 299600      
1335 277130      
1336 284620      
1337 239680      
1338 262150      
1339 239680      
1340 247170      
1341 247170      
1342 254660      
1343 224700      
1344 247170      
1345 179760      
1346 292110      
1347 299600      
1348 277130      
1349 284620      
1350 239680      
1351 262150      
1352 239680      
1353 247170      
1354 247170      
1355 254660      
1356 224700      
1357 247170      
1358 307090      
1359 292110      
1360 299600      
1361 277130      
1362 284620      
1363 239680      
1364 262150      
1365 239680      
1366 247170      
1367 247170      
1368 254660      
1369 224700      
1370 359520      
1371 307090      
1372 292110      
1373 299600      
1374 277130      
1375 284620      
1376 239680      
1377 262150      
1378 239680      
1379 247170      
1380 247170      
1381 254660      
1382 352030      
1383 359520      
1384 307090      
1385 292110      
1386 299600      
1387 277130      
1388 284620      
1389 239680      
1390 262150      
1391 239680      
1392 247170      
1393 247170      
1394 389480      
1395 352030      
1396 359520      
1397 307090      
1398 292110      
1399 299600      
1400 277130      
1401 284620      
1402 239680      
1403 262150      
1404 239680      
1405 247170      
1406 374500      
1407 389480      
1408 352030      
1409 359520      
1410 307090      
1411 292110      
1412 299600      
1413 277130      
1414 284620      
1415 239680      
1416 262150      
1417 239680      
1418 367010      
1419 374500      
1420 389480      
1421 352030      
1422 359520      
1423 307090      
1424 292110      
1425 299600      
1426 277130      
1427 284620      
1428 239680      
1429 262150      
1430 389480      
1431 367010      
1432 374500      
1433 389480      
1434 352030      
1435 359520      
1436 307090      
1437 292110      
1438 299600      
1439 277130      
1440 359520      
1441 239680      
1442 374500      
1443 374500      
1444 367010      
1445 374500      
1446 389480      
1447 352030      
1448 359520      
1449 307090      
1450 292110      
1451 299600      
1452 277130      
1453 284620      
1454 389480      
1455 374500      
1456 374500      
1457 367010      
1458 374500      
1459 389480      
1460 352030      
1461 359520      
1462 307090      
1463 292110      
1464 299600      
1465 277130      
1466 396970      
1467 389480      
1468 374500      
1469 374500      
1470 367010      
1471 374500      
1472 389480      
1473 352030      
1474 359520      
1475 307090      
1476 292110      
1477 299600      
1478 434420      
1479 396970      
1480 389480      
1481 374500      
1482 374500      
1483 367010      
1484 374500      
1485 389480      
1486 352030      
1487 359520      
1488 307090      
1489 292110      
1490 411950      
1491 434420      
1492 396970      
1493 389480      
1494 374500      
1495 374500      
1496 367010      
1497 374500      
1498 389480      
1499 352030      
1500 434420      
1501 307090      
1502 449400      
1503 396970      
1504 434420      
1505 396970      
1506 389480      
1507 374500      
1508 374500      
1509 367010      
1510 374500      
1511 389480      
1512 352030      
1513 359520      
1514 419440      
1515 449400      
1516 396970      
1517 434420      
1518 396970      
1519 389480      
1520 374500      
1521 374500      
1522 367010      
1523 374500      
1524 389480      
1525 352030      
1526 516810      
1527 419440      
1528 449400      
1529 396970      
1530 434420      
1531 396970      
1532 389480      
1533 374500      
1534 374500      
1535 367010      
1536 449400      
1537 389480      
1538 471870      
1539 501830      
1540 419440      
1541 449400      
1542 396970      
1543 434420      
1544 396970      
1545 389480      
1546 374500      
1547 374500      
1548 367010      
1549 374500      
1550 546770      
1551 471870      
1552 501830      
1553 419440      
1554 449400      
1555 396970      
1556 434420      
1557 396970      
1558 389480      
1559 374500      
1560 449400      
1561 367010      
1562 509320      
1563 531790      
1564 471870      
1565 501830      
1566 419440      
1567 449400      
1568 396970      
1569 434420      
1570 396970      
1571 389480      
1572 374500      
1573 374500      
1574 501830      
1575 509320      
1576 531790      
1577 471870      
1578 501830      
1579 419440      
1580 449400      
1581 396970      
1582 434420      
1583 396970      
1584 464380      
1585 374500      
1586 516810      
1587 486850      
1588 509320      
1589 531790      
1590 471870      
1591 501830      
1592 419440      
1593 449400      
1594 396970      
1595 434420      
1596 396970      
1597 389480      
1598 531790      
1599 516810      
1600 486850      
1601 509320      
1602 531790      
1603 471870      
1604 501830      
1605 419440      
1606 449400      
1607 396970      
1608 509320      
1609 396970      
1610 509320      
1611 516810      
1612 516810      
1613 486850      
1614 509320      
1615 531790      
1616 471870      
1617 501830      
1618 419440      
1619 449400      
1620 396970      
1621 434420      
1622 554260      
1623 509320      
1624 516810      
1625 516810      
1626 486850      
1627 509320      
1628 531790      
1629 471870      
1630 501830      
1631 419440      
1632 524300      
1633 396970      
1634 584220      
1635 539280      
1636 509320      
1637 516810      
1638 516810      
1639 486850      
1640 509320      
1641 531790      
1642 471870      
1643 501830      
1644 419440      
1645 449400      
1646 531790      
1647 584220      
1648 539280      
1649 509320      
1650 516810      
1651 516810      
1652 486850      
1653 509320      
1654 531790      
1655 471870      
1656 576730      
1657 419440      
1658 599200      
1659 516810      
1660 584220      
1661 539280      
1662 509320      
1663 516810      
1664 516810      
1665 486850      
1666 509320      
1667 531790      
1668 546770      
1669 501830      
1670 576730      
1671 584220      
1672 516810      
1673 584220      
1674 539280      
1675 509320      
1676 516810      
1677 516810      
1678 486850      
1679 509320      
1680 606690      
1681 471870      
1682 644140      
1683 561750      
1684 584220      
1685 516810      
1686 584220      
1687 539280      
1688 509320      
1689 516810      
1690 516810      
1691 486850      
1692 584220      
1693 531790      
1694 576730      
1695 629160      
1696 561750      
1697 584220      
1698 516810      
1699 584220      
1700 539280      
1701 509320      
1702 516810      
1703 516810      
1704 599200      
1705 509320      
1706 636650      
1707 554260      
1708 629160      
1709 561750      
1710 584220      
1711 516810      
1712 584220      
1713 539280      
1714 509320      
1715 516810      
1716 591710      
1717 486850      
1718 644140      
1719 621670      
1720 554260      
1721 629160      
1722 561750      
1723 584220      
1724 516810      
1725 584220      
1726 539280      
1727 509320      
1728 591710      
1729 516810      
1730 591710      
1731 629160      
1732 621670      
1733 554260      
1734 629160      
1735 561750      
1736 584220      
1737 516810      
1738 584220      
1739 539280      
1740 584220      
1741 516810      
1742 629160      
1743 576730      
1744 629160      
1745 621670      
1746 554260      
1747 629160      
1748 561750      
1749 584220      
1750 516810      
1751 584220      
1752 614180      
1753 509320      
1754 621670      
1755 614180      
1756 576730      
1757 629160      
1758 621670      
1759 554260      
1760 629160      
1761 561750      
1762 584220      
1763 516810      
1764 659120      
1765 539280      
1766 621670      
1767 606690      
1768 614180      
1769 576730      
1770 629160      
1771 621670      
1772 554260      
1773 629160      
1774 561750      
1775 584220      
1776 629160      
1777 584220      
1778 651630      
1779 599200      
1780 606690      
1781 614180      
1782 576730      
1783 629160      
1784 621670      
1785 554260      
1786 629160      
1787 561750      
1788 734020      
1789 516810      
1790 704060      
1791 621670      
1792 599200      
1793 606690      
1794 614180      
1795 576730      
1796 629160      
1797 621670      
1798 554260      
1799 629160      
1800 749000      
1801 584220      
1802 621670      
1803 666610      
1804 621670      
1805 599200      
1806 606690      
1807 614180      
1808 576730      
1809 629160      
1810 621670      
1811 554260      
1812 816410      
1813 561750      
1814 704060      
1815 584220      
1816 666610      
1817 621670      
1818 599200      
1819 606690      
1820 614180      
1821 576730      
1822 629160      
1823 621670      
1824 741510      
1825 629160      
1826 674100      
1827 666610      
1828 584220      
1829 666610      
1830 621670      
1831 599200      
1832 606690      
1833 614180      
1834 576730      
1835 629160      
1836 808920      
1837 554260      
1838 749000      
1839 636650      
1840 666610      
1841 584220      
1842 666610      
1843 621670      
1844 599200      
1845 606690      
1846 614180      
1847 576730      
1848 816410      
1849 621670      
1850 674100      
1851 711550      
1852 636650      
1853 666610      
1854 584220      
1855 666610      
1856 621670      
1857 599200      
1858 606690      
1859 614180      
1860 763980      
1861 629160      
1862 741510      
1863 636650      
1864 711550      
1865 636650      
1866 666610      
1867 584220      
1868 666610      
1869 621670      
1870 599200      
1871 606690      
1872 801430      
1873 576730      
1874 749000      
1875 704060      
1876 636650      
1877 711550      
1878 636650      
1879 666610      
1880 584220      
1881 666610      
1882 621670      
1883 599200      
1884 793940      
1885 614180      
1886 696570      
1887 711550      
1888 704060      
1889 636650      
1890 711550      
1891 636650      
1892 666610      
1893 584220      
1894 666610      
1895 621670      
1896 786450      
1897 606690      
1898 741510      
1899 659120      
1900 711550      
1901 704060      
1902 636650      
1903 711550      
1904 636650      
1905 666610      
1906 584220      
1907 666610      
1908 808920      
1909 599200      
1910 726530      
1911 704060      
1912 659120      
1913 711550      
1914 704060      
1915 636650      
1916 711550      
1917 636650      
1918 666610      
1919 584220      
1920 891310      
1921 621670      
1922 726530      
1923 681590      
1924 704060      
1925 659120      
1926 711550      
1927 704060      
1928 636650      
1929 711550      
1930 636650      
1931 666610      
1932 771470      
1933 666610      
1934 756490      
1935 689080      
1936 681590      
1937 704060      
1938 659120      
1939 711550      
1940 704060      
1941 636650      
1942 711550      
1943 636650      
1944 853860      
1945 584220      
1946 786450      
1947 719040      
1948 689080      
1949 681590      
1950 704060      
1951 659120      
1952 711550      
1953 704060      
1954 636650      
1955 711550      
1956 861350      
1957 666610      
1958 711550      
1959 741510      
1960 719040      
1961 689080      
1962 681590      
1963 704060      
1964 659120      
1965 711550      
1966 704060      
1967 636650      
1968 898800      
1969 636650      
1970 801430      
1971 674100      
1972 741510      
1973 719040      
1974 689080      
1975 681590      
1976 704060      
1977 659120      
1978 711550      
1979 704060      
1980 861350      
1981 711550      
1982 763980      
1983 756490      
1984 674100      
1985 741510      
1986 719040      
1987 689080      
1988 681590      
1989 704060      
1990 659120      
1991 711550      
1992 1.00366e+06 
1993 636650      
1994 853860      
1995 704060      
1996 756490      
1997 674100      
1998 741510      
1999 719040      
2000 689080      
2001 681590      
2002 704060      
2003 659120      
2004 1.01115e+06 
2005 704060      
2006 786450      
2007 793940      
2008 704060      
2009 756490      
2010 674100      
2011 741510      
2012 719040      
2013 689080      
2014 681590      
2015 704060      
2016 958720      
2017 711550      
2018 861350      
2019 726530      
2020 793940      
2021 704060      
2022 756490      
2023 674100      
2024 741510      
2025 719040      
2026 689080      
2027 681590      
2028 1.00366e+06 
2029 659120      
2030 861350      
2031 801430      
2032 726530      
2033 793940      
2034 704060      
2035 756490      
2036 674100      
2037 741510      
2038 719040      
2039 689080      
2040 1.01864e+06 
2041 704060      
2042 681590      
2043 793940      
2044 801430      
2045 726530      
2046 793940      
2047 704060      
2048 756490      
2049 674100      
2050 741510      
2051 719040      
2052 988680      
2053 681590      
2054 704060      
2055 621670      
2056 793940      
2057 801430      
2058 726530      
2059 793940      
2060 704060      
2061 756490      
2062 674100      
2063 741510      
2064 1.05609e+06 
2065 689080      
2066 681590      
2067 636650      
2068 621670      
2069 793940      
2070 801430      
2071 726530      
2072 793940      
2073 704060      
2074 756490      
2075 674100      
2076 1.04111e+06 
2077 719040      
2078 689080      
2079 621670      
2080 636650      
2081 621670      
2082 793940      
2083 801430      
2084 726530      
2085 793940      
2086 704060      
2087 756490      
2088 1.01115e+06 
2089 741510      
2090 719040      
2091 621670      
2092 621670      
2093 636650      
2094 621670      
2095 793940      
2096 801430      
2097 726530      
2098 793940      
2099 704060      
2100 1.05609e+06 
2101 674100      
2102 741510      
2103 659120      
2104 621670      
2105 621670      
2106 636650      
2107 621670      
2108 793940      
2109 801430      
2110 726530      
2111 793940      
2112 1.11601e+06 
2113 756490      
2114 674100      
2115 659120      
2116 659120      
2117 621670      
2118 621670      
2119 636650      
2120 621670      
2121 793940      
2122 801430      
2123 726530      
2124 1.13099e+06 
2125 704060      
2126 756490      
2127 606690      
2128 659120      
2129 659120      
2130 621670      
2131 621670      
2132 636650      
2133 621670      
2134 793940      
2135 801430      
2136 1.06358e+06 
2137 793940      
2138 704060      
2139 689080      
2140 606690      
2141 659120      
2142 659120      
2143 621670      
2144 621670      
2145 636650      
2146 621670      
2147 793940      
2148 1.13848e+06 
2149 726530      
2150 793940      
2151 636650      
2152 689080      
2153 606690      
2154 659120      
2155 659120      
2156 621670      
2157 621670      
2158 636650      
2159 621670      
2160 1.39314e+06 
2161 801430      
2162 726530      
2163 674100      
2164 636650      
2165 689080      
2166 606690      
2167 659120      
2168 659120      
2169 621670      
2170 621670      
2171 636650      
2172 1.14597e+06 
2173 793940      
2174 801430      
2175 621670      
2176 674100      
2177 636650      
2178 689080      
2179 606690      
2180 659120      
2181 659120      
2182 621670      
2183 621670      
2184 1.2733e+06  
2185 621670      
2186 793940      
2187 674100      
2188 621670      
2189 674100      
2190 636650      
2191 689080      
2192 606690      
2193 659120      
2194 659120      
2195 621670      
2196 1.25832e+06 
2197 636650      
2198 621670      
2199 666610      
2200 674100      
2201 621670      
2202 674100      
2203 636650      
2204 689080      
2205 606690      
2206 659120      
2207 659120      
2208 1.22087e+06 
2209 621670      
2210 636650      
2211 501830      
2212 666610      
2213 674100      
2214 621670      
2215 674100      
2216 636650      
2217 689080      
2218 606690      
2219 659120      
2220 1.18342e+06 
2221 621670      
2222 621670      
2223 531790      
2224 501830      
2225 666610      
2226 674100      
2227 621670      
2228 674100      
2229 636650      
2230 689080      
2231 606690      
2232 1.29577e+06 
2233 659120      
2234 621670      
2235 494340      
2236 531790      
2237 501830      
2238 666610      
2239 674100      
2240 621670      
2241 674100      
2242 636650      
2243 689080      
2244 1.16844e+06 
2245 659120      
2246 659120      
2247 509320      
2248 494340      
2249 531790      
2250 501830      
2251 666610      
2252 674100      
2253 621670      
2254 674100      
2255 636650      
2256 1.40063e+06 
2257 606690      
2258 659120      
2259 516810      
2260 509320      
2261 494340      
2262 531790      
2263 501830      
2264 666610      
2265 674100      
2266 621670      
2267 674100      
2268 1.1984e+06  
2269 689080      
2270 606690      
2271 546770      
2272 516810      
2273 509320      
2274 494340      
2275 531790      
2276 501830      
2277 666610      
2278 674100      
2279 621670      
2280 1.31075e+06 
2281 636650      
2282 689080      
2283 479360      
2284 546770      
2285 516810      
2286 509320      
2287 494340      
2288 531790      
2289 501830      
2290 666610      
2291 674100      
2292 1.25832e+06 
2293 674100      
2294 636650      
2295 561750      
2296 479360      
2297 546770      
2298 516810      
2299 509320      
2300 494340      
2301 531790      
2302 501830      
2303 666610      
2304 1.31075e+06 
2305 621670      
2306 674100      
2307 509320      
2308 561750      
2309 479360      
2310 546770      
2311 516810      
2312 509320      
2313 494340      
2314 531790      
2315 501830      
2316 1.22836e+06 
2317 674100      
2318 621670      
2319 561750      
2320 509320      
2321 561750      
2322 479360      
2323 546770      
2324 516810      
2325 509320      
2326 494340      
2327 531790      
2328 1.13848e+06 
2329 666610      
2330 674100      
2331 494340      
2332 561750      
2333 509320      
2334 561750      
2335 479360      
2336 546770      
2337 516810      
2338 509320      
2339 494340      
2340 1.20589e+06 
2341 501830      
2342 666610      
2343 539280      
2344 494340      
2345 561750      
2346 509320      
2347 561750      
2348 479360      
2349 546770      
2350 516810      
2351 509320      
2352 1.13099e+06 
2353 531790      
2354 501830      
2355 539280      
2356 539280      
2357 494340      
2358 561750      
2359 509320      
2360 561750      
2361 479360      
2362 546770      
2363 516810      
2364 1.10852e+06 
2365 494340      
2366 531790      
2367 381990      
2368 539280      
2369 539280      
2370 494340      
2371 561750      
2372 509320      
2373 561750      
2374 479360      
2375 546770      
2376 1.26581e+06 
2377 509320      
2378 494340      
2379 381990      
2380 381990      
2381 539280      
2382 539280      
2383 494340      
2384 561750      
2385 509320      
2386 561750      
2387 479360      
2388 1.10852e+06 
2389 516810      
2390 509320      
2391 381990      
2392 381990      
2393 381990      
2394 539280      
2395 539280      
2396 494340      
2397 561750      
2398 509320      
2399 561750      
