0    0                  
1    0                  
2    0                  
3    0                  
4    0                  
5    0                  
6    0                  
7    0                  
8    0                  
9    0                  
10   0                  
11   0                  
12   0                  
13   0                  
14   0                  
15   0                  
16   0                  
17   0                  
18   0                  
19   0                  
20   0                  
21   0                  
22   0                  
23   0                  
24   0                  
25   0                  
26   0                  
27   0                  
28   0                  
29   0                  
30   0                  
31   0                  
32   0                  
33   0                  
34   0                  
35   0                  
36   0                  
37   0                  
38   0                  
39   0                  
40   0                  
41   0                  
42   0                  
43   0                  
44   0                  
45   0                  
46   0                  
47   0                  
48   0                  
49   0                  
50   0                  
51   0                  
52   0                  
53   0                  
54   0                  
55   0                  
56   0                  
57   0                  
58   0                  
59   0                  
60   0                  
61   0                  
62   0                  
63   0                  
64   0                  
65   0                  
66   0                  
67   0                  
68   0                  
69   0                  
70   0                  
71   0                  
72   0                  
73   0                  
74   0                  
75   0                  
76   0                  
77   0                  
78   0                  
79   0                  
80   0                  
81   0                  
82   0                  
83   0                  
84   0                  
85   0                  
86   0                  
87   0                  
88   0                  
89   0                  
90   0                  
91   0                  
92   0                  
93   0                  
94   0                  
95   0                  
96   0                  
97   0                  
98   0                  
99   0                  
100  0                  
101  0                  
102  0                  
103  0                  
104  0                  
105  0                  
106  0                  
107  0                  
108  0                  
109  0                  
110  0                  
111  0                  
112  0                  
113  0                  
114  0                  
115  0                  
116  0                  
117  0                  
118  0                  
119  0                  
120  0                  
121  0                  
122  0                  
123  0                  
124  0                  
125  0                  
126  0                  
127  0                  
128  0                  
129  0                  
130  0                  
131  0                  
132  0                  
133  0                  
134  0                  
135  0                  
136  0                  
137  0                  
138  0                  
139  0                  
140  0                  
141  0                  
142  0                  
143  0                  
144  0                  
145  0                  
146  0                  
147  0                  
148  0                  
149  0                  
150  4657.011152818808  
151  4657.011152818808  
152  4657.011152818808  
153  4657.011152818808  
154  4657.011152818808  
155  4657.011152818808  
156  4657.011152818808  
157  4657.011152818808  
158  4657.011152818808  
159  4657.011152818808  
160  4657.011152818808  
161  4657.011152818808  
162  4657.011152818808  
163  4657.011152818808  
164  4657.011152818808  
165  4657.011152818808  
166  4657.011152818808  
167  4657.011152818808  
168  4657.011152818808  
169  4657.011152818808  
170  4657.011152818808  
171  4657.011152818808  
172  4657.011152818808  
173  0                  
174  0                  
175  0                  
176  0                  
177  0                  
178  0                  
179  0                  
180  0                  
181  0                  
182  0                  
183  0                  
184  0                  
185  0                  
186  0                  
187  0                  
188  0                  
189  0                  
190  0                  
191  0                  
192  0                  
193  0                  
194  0                  
195  0                  
196  0                  
197  0                  
198  0                  
199  0                  
200  0                  
201  0                  
202  0                  
203  0                  
204  5093.53618766157   
205  5093.53618766157   
206  5093.53618766157   
207  5093.53618766157   
208  5093.53618766157   
209  5093.53618766157   
210  5093.53618766157   
211  5093.53618766157   
212  5093.53618766157   
213  5093.53618766157   
214  5093.53618766157   
215  5093.53618766157   
216  5093.53618766157   
217  5093.53618766157   
218  5093.53618766157   
219  5093.53618766157   
220  5093.53618766157   
221  5093.53618766157   
222  5093.53618766157   
223  5093.53618766157   
224  5093.53618766157   
225  5093.53618766157   
226  5093.53618766157   
227  0                  
228  0                  
229  0                  
230  0                  
231  0                  
232  0                  
233  0                  
234  0                  
235  0                  
236  0                  
237  0                  
238  0                  
239  0                  
240  0                  
241  0                  
242  0                  
243  0                  
244  0                  
245  0                  
246  0                  
247  0                  
248  0                  
249  0                  
250  0                  
251  0                  
252  0                  
253  0                  
254  0                  
255  0                  
256  0                  
257  0                  
258  5499.885393541194  
259  5499.885393541194  
260  5499.885393541194  
261  5499.885393541194  
262  5499.885393541194  
263  5499.885393541194  
264  5499.885393541194  
265  5499.885393541194  
266  5499.885393541194  
267  5499.885393541194  
268  5499.885393541194  
269  5499.885393541194  
270  5499.885393541194  
271  5499.885393541194  
272  5499.885393541194  
273  5499.885393541194  
274  5499.885393541194  
275  5499.885393541194  
276  5499.885393541194  
277  5499.885393541194  
278  5499.885393541194  
279  5499.885393541194  
280  5499.885393541194  
281  0                  
282  0                  
283  0                  
284  0                  
285  0                  
286  0                  
287  0                  
288  0                  
289  0                  
290  0                  
291  0                  
292  0                  
293  0                  
294  0                  
295  0                  
296  0                  
297  0                  
298  0                  
299  0                  
300  0                  
301  0                  
302  0                  
303  0                  
304  0                  
305  0                  
306  0                  
307  0                  
308  0                  
309  0                  
310  0                  
311  0                  
312  5907.471754641672  
313  5907.471754641672  
314  5907.471754641672  
315  5907.471754641672  
316  5907.471754641672  
317  5907.471754641672  
318  5907.471754641672  
319  5907.471754641672  
320  5907.471754641672  
321  5907.471754641672  
322  5907.471754641672  
323  5907.471754641672  
324  5907.471754641672  
325  5907.471754641672  
326  5907.471754641672  
327  5907.471754641672  
328  5907.471754641672  
329  5907.471754641672  
330  5907.471754641672  
331  5907.471754641672  
332  5907.471754641672  
333  5907.471754641672  
334  5907.471754641672  
335  0                  
336  0                  
337  0                  
338  0                  
339  0                  
340  0                  
341  0                  
342  0                  
343  0                  
344  0                  
345  0                  
346  0                  
347  0                  
348  0                  
349  0                  
350  0                  
351  0                  
352  0                  
353  0                  
354  0                  
355  0                  
356  0                  
357  0                  
358  0                  
359  0                  
360  0                  
361  0                  
362  0                  
363  0                  
364  0                  
365  0                  
366  6249.59167396858   
367  6249.59167396858   
368  6249.59167396858   
369  6249.59167396858   
370  6249.59167396858   
371  6249.59167396858   
372  6249.59167396858   
373  6249.59167396858   
374  6249.59167396858   
375  6249.59167396858   
376  6249.59167396858   
377  6249.59167396858   
378  6249.59167396858   
379  6249.59167396858   
380  6249.59167396858   
381  6249.59167396858   
382  6249.59167396858   
383  6249.59167396858   
384  6249.59167396858   
385  6249.59167396858   
386  6249.59167396858   
387  6249.59167396858   
388  6249.59167396858   
389  0                  
390  0                  
391  0                  
392  0                  
393  0                  
394  0                  
395  0                  
396  0                  
397  0                  
398  0                  
399  0                  
400  0                  
401  0                  
402  0                  
403  0                  
404  0                  
405  0                  
406  0                  
407  0                  
408  0                  
409  0                  
410  0                  
411  0                  
412  0                  
413  0                  
414  0                  
415  0                  
416  0                  
417  0                  
418  0                  
419  0                  
420  6559.408584453345  
421  6559.408584453345  
422  6559.408584453345  
423  6559.408584453345  
424  6559.408584453345  
425  6559.408584453345  
426  6559.408584453345  
427  6559.408584453345  
428  6559.408584453345  
429  6559.408584453345  
430  6559.408584453345  
431  6559.408584453345  
432  6559.408584453345  
433  6559.408584453345  
434  6559.408584453345  
435  6559.408584453345  
436  6559.408584453345  
437  6559.408584453345  
438  6559.408584453345  
439  6559.408584453345  
440  6559.408584453345  
441  6559.408584453345  
442  6559.408584453345  
443  28.80811891947178  
444  28.80811891947178  
445  28.80811891947178  
446  28.80811891947178  
447  28.80811891947178  
448  28.80811891947178  
449  28.80811891947178  
450  28.80811891947178  
451  28.80811891947178  
452  28.80811891947178  
453  28.80811891947178  
454  28.80811891947178  
455  28.80811891947178  
456  28.80811891947178  
457  28.80811891947178  
458  28.80811891947178  
459  28.80811891947178  
460  28.80811891947178  
461  28.80811891947178  
462  28.80811891947178  
463  28.80811891947178  
464  28.80811891947178  
465  28.80811891947178  
466  28.80811891947178  
467  28.80811891947178  
468  28.80811891947178  
469  28.80811891947178  
470  28.80811891947178  
471  28.80811891947178  
472  28.80811891947178  
473  28.80811891947178  
474  6725.98510301525   
475  6725.98510301525   
476  6725.98510301525   
477  6725.98510301525   
478  6725.98510301525   
479  6725.98510301525   
480  6725.98510301525   
481  6725.98510301525   
482  6725.98510301525   
483  6725.98510301525   
484  6725.98510301525   
485  6725.98510301525   
486  6725.98510301525   
487  6725.98510301525   
488  6725.98510301525   
489  6725.98510301525   
490  6725.98510301525   
491  6725.98510301525   
492  6725.98510301525   
493  6725.98510301525   
494  6725.98510301525   
495  6725.98510301525   
496  6725.98510301525   
497  195.70198266457737 
498  195.70198266457737 
499  195.70198266457737 
500  195.70198266457737 
501  195.70198266457737 
502  195.70198266457737 
503  195.70198266457737 
504  195.70198266457737 
505  195.70198266457737 
506  195.70198266457737 
507  195.70198266457737 
508  195.70198266457737 
509  195.70198266457737 
510  195.70198266457737 
511  195.70198266457737 
512  195.70198266457737 
513  195.70198266457737 
514  195.70198266457737 
515  195.70198266457737 
516  195.70198266457737 
517  195.70198266457737 
518  195.70198266457737 
519  195.70198266457737 
520  195.70198266457737 
521  195.70198266457737 
522  195.70198266457737 
523  195.70198266457737 
524  195.70198266457737 
525  195.70198266457737 
526  195.70198266457737 
527  195.70198266457737 
528  7097.3001104080595 
529  7097.3001104080595 
530  7097.3001104080595 
531  7097.3001104080595 
532  7097.3001104080595 
533  7097.3001104080595 
534  7097.3001104080595 
535  7097.3001104080595 
536  7097.3001104080595 
537  7097.3001104080595 
538  7097.3001104080595 
539  7097.3001104080595 
540  7097.3001104080595 
541  7097.3001104080595 
542  7097.3001104080595 
543  7097.3001104080595 
544  7097.3001104080595 
545  7097.3001104080595 
546  7097.3001104080595 
547  7097.3001104080595 
548  7097.3001104080595 
549  7097.3001104080595 
550  7097.3001104080595 
551  567.3818011763024  
552  567.3818011763024  
553  567.3818011763024  
554  567.3818011763024  
555  567.3818011763024  
556  567.3818011763024  
557  567.3818011763024  
558  567.3818011763024  
559  567.3818011763024  
560  567.3818011763024  
561  567.3818011763024  
562  567.3818011763024  
563  567.3818011763024  
564  567.3818011763024  
565  567.3818011763024  
566  567.3818011763024  
567  567.3818011763024  
568  567.3818011763024  
569  567.3818011763024  
570  567.3818011763024  
571  567.3818011763024  
572  567.3818011763024  
573  567.3818011763024  
574  567.3818011763024  
575  567.3818011763024  
576  567.3818011763024  
577  567.3818011763024  
578  567.3818011763024  
579  567.3818011763024  
580  567.3818011763024  
581  567.3818011763024  
582  7601.19769130715   
583  7601.19769130715   
584  7601.19769130715   
585  7601.19769130715   
586  7601.19769130715   
587  7601.19769130715   
588  7601.19769130715   
589  7601.19769130715   
590  7601.19769130715   
591  7601.19769130715   
592  7601.19769130715   
593  7601.19769130715   
594  7601.19769130715   
595  7601.19769130715   
596  7601.19769130715   
597  7601.19769130715   
598  7601.19769130715   
599  7601.19769130715   
600  7601.19769130715   
601  7601.19769130715   
602  7601.19769130715   
603  7601.19769130715   
604  7601.19769130715   
605  1071.6398440220528 
606  1071.6398440220528 
607  1071.6398440220528 
608  1071.6398440220528 
609  1071.6398440220528 
610  1071.6398440220528 
611  1071.6398440220528 
612  1071.6398440220528 
613  1071.6398440220528 
614  1071.6398440220528 
615  1071.6398440220528 
616  1071.6398440220528 
617  1071.6398440220528 
618  1071.6398440220528 
619  1071.6398440220528 
620  1071.6398440220528 
621  1071.6398440220528 
622  1071.6398440220528 
623  1071.6398440220528 
624  1071.6398440220528 
625  1071.6398440220528 
626  1071.6398440220528 
627  1071.6398440220528 
628  1071.6398440220528 
629  1071.6398440220528 
630  1071.6398440220528 
631  1071.6398440220528 
632  1071.6398440220528 
633  1071.6398440220528 
634  1071.6398440220528 
635  1071.6398440220528 
636  8106.120106583883  
637  8106.120106583883  
638  8106.120106583883  
639  8106.120106583883  
640  8106.120106583883  
641  8106.120106583883  
642  8106.120106583883  
643  8106.120106583883  
644  8106.120106583883  
645  8106.120106583883  
646  8106.120106583883  
647  8106.120106583883  
648  8106.120106583883  
649  8106.120106583883  
650  8106.120106583883  
651  8106.120106583883  
652  8106.120106583883  
653  8106.120106583883  
654  8106.120106583883  
655  8106.120106583883  
656  8106.120106583883  
657  8106.120106583883  
658  8106.120106583883  
659  1632.2123458883825 
660  1632.2123458883825 
661  1632.2123458883825 
662  1632.2123458883825 
663  1632.2123458883825 
664  1632.2123458883825 
665  1632.2123458883825 
666  1632.2123458883825 
667  1632.2123458883825 
668  1632.2123458883825 
669  1632.2123458883825 
670  1632.2123458883825 
671  1632.2123458883825 
672  1632.2123458883825 
673  1632.2123458883825 
674  1632.2123458883825 
675  1632.2123458883825 
676  1632.2123458883825 
677  1632.2123458883825 
678  1632.2123458883825 
679  1632.2123458883825 
680  1632.2123458883825 
681  1632.2123458883825 
682  1632.2123458883825 
683  1632.2123458883825 
684  1632.2123458883825 
685  1632.2123458883825 
686  1632.2123458883825 
687  1632.2123458883825 
688  1632.2123458883825 
689  1632.2123458883825 
690  8667.64459651172   
691  8667.64459651172   
692  8667.64459651172   
693  8667.64459651172   
694  8667.64459651172   
695  8667.64459651172   
696  8667.64459651172   
697  8667.64459651172   
698  8667.64459651172   
699  8667.64459651172   
700  8667.64459651172   
701  8667.64459651172   
702  8667.64459651172   
703  8667.64459651172   
704  8667.64459651172   
705  8667.64459651172   
706  8667.64459651172   
707  8667.64459651172   
708  8667.64459651172   
709  8667.64459651172   
710  8667.64459651172   
711  8667.64459651172   
712  8667.64459651172   
713  2249.341308704852  
714  2249.341308704852  
715  2249.341308704852  
716  2249.341308704852  
717  2249.341308704852  
718  2249.341308704852  
719  2249.341308704852  
720  2249.341308704852  
721  2249.341308704852  
722  2249.341308704852  
723  2249.341308704852  
724  2249.341308704852  
725  2249.341308704852  
726  2249.341308704852  
727  2249.341308704852  
728  2249.341308704852  
729  2249.341308704852  
730  2249.341308704852  
731  2249.341308704852  
732  2249.341308704852  
733  2249.341308704852  
734  2249.341308704852  
735  2249.341308704852  
736  2249.341308704852  
737  2249.341308704852  
738  2249.341308704852  
739  2249.341308704852  
740  2249.341308704852  
741  2249.341308704852  
742  2249.341308704852  
743  2249.341308704852  
744  9285.186784575992  
745  9285.186784575992  
746  9285.186784575992  
747  9285.186784575992  
748  9285.186784575992  
749  9285.186784575992  
750  9285.186784575992  
751  9285.186784575992  
752  9285.186784575992  
753  9285.186784575992  
754  9285.186784575992  
755  9285.186784575992  
756  9285.186784575992  
757  9285.186784575992  
758  9285.186784575992  
759  9285.186784575992  
760  9285.186784575992  
761  9285.186784575992  
762  9285.186784575992  
763  9285.186784575992  
764  9285.186784575992  
765  9285.186784575992  
766  9285.186784575992  
767  2922.480311889667  
768  2922.480311889667  
769  2922.480311889667  
770  2922.480311889667  
771  2922.480311889667  
772  2922.480311889667  
773  2922.480311889667  
774  2922.480311889667  
775  2922.480311889667  
776  2922.480311889667  
777  2922.480311889667  
778  2922.480311889667  
779  2922.480311889667  
780  2922.480311889667  
781  2922.480311889667  
782  2922.480311889667  
783  2922.480311889667  
784  2922.480311889667  
785  2922.480311889667  
786  2922.480311889667  
787  2922.480311889667  
788  2922.480311889667  
789  2922.480311889667  
790  2922.480311889667  
791  2922.480311889667  
792  2922.480311889667  
793  2922.480311889667  
794  2922.480311889667  
795  2922.480311889667  
796  2922.480311889667  
797  2922.480311889667  
798  9890.58567001859   
799  9890.58567001859   
800  9890.58567001859   
801  9890.58567001859   
802  9890.58567001859   
803  9890.58567001859   
804  9890.58567001859   
805  9890.58567001859   
806  9890.58567001859   
807  9890.58567001859   
808  9890.58567001859   
809  9890.58567001859   
810  9890.58567001859   
811  9890.58567001859   
812  9890.58567001859   
813  9890.58567001859   
814  9890.58567001859   
815  9890.58567001859   
816  9890.58567001859   
817  9890.58567001859   
818  9890.58567001859   
819  9890.58567001859   
820  9890.58567001859   
821  3583.4368332072163 
822  3583.4368332072163 
823  3583.4368332072163 
824  3583.4368332072163 
825  3583.4368332072163 
826  3583.4368332072163 
827  3583.4368332072163 
828  3583.4368332072163 
829  3583.4368332072163 
830  3583.4368332072163 
831  3583.4368332072163 
832  3583.4368332072163 
833  3583.4368332072163 
834  3583.4368332072163 
835  3583.4368332072163 
836  3583.4368332072163 
837  3583.4368332072163 
838  3583.4368332072163 
839  3583.4368332072163 
840  3583.4368332072163 
841  3583.4368332072163 
842  3583.4368332072163 
843  3583.4368332072163 
844  3583.4368332072163 
845  3583.4368332072163 
846  3583.4368332072163 
847  3583.4368332072163 
848  3583.4368332072163 
849  3583.4368332072163 
850  3583.4368332072163 
851  3583.4368332072163 
852  10484.713861134347 
853  10484.713861134347 
854  10484.713861134347 
855  10484.713861134347 
856  10484.713861134347 
857  10484.713861134347 
858  10484.713861134347 
859  10484.713861134347 
860  10484.713861134347 
861  10484.713861134347 
862  10484.713861134347 
863  10484.713861134347 
864  10484.713861134347 
865  10484.713861134347 
866  10484.713861134347 
867  10484.713861134347 
868  10484.713861134347 
869  10484.713861134347 
870  10484.713861134347 
871  10484.713861134347 
872  10484.713861134347 
873  10484.713861134347 
874  10484.713861134347 
875  4233.112104042246  
876  4233.112104042246  
877  4233.112104042246  
878  4233.112104042246  
879  4233.112104042246  
880  4233.112104042246  
881  4233.112104042246  
882  4233.112104042246  
883  4233.112104042246  
884  4233.112104042246  
885  4233.112104042246  
886  4233.112104042246  
887  4233.112104042246  
888  4233.112104042246  
889  4233.112104042246  
890  4233.112104042246  
891  4233.112104042246  
892  4233.112104042246  
893  4233.112104042246  
894  4233.112104042246  
895  4233.112104042246  
896  4233.112104042246  
897  4233.112104042246  
898  4233.112104042246  
899  4233.112104042246  
900  4233.112104042246  
901  4233.112104042246  
902  4233.112104042246  
903  4233.112104042246  
904  4233.112104042246  
905  4233.112104042246  
906  11064.7807063613   
907  11064.7807063613   
908  11064.7807063613   
909  11064.7807063613   
910  11064.7807063613   
911  11064.7807063613   
912  11064.7807063613   
913  11064.7807063613   
914  11064.7807063613   
915  11064.7807063613   
916  11064.7807063613   
917  11064.7807063613   
918  11064.7807063613   
919  11064.7807063613   
920  11064.7807063613   
921  11064.7807063613   
922  11064.7807063613   
923  11064.7807063613   
924  11064.7807063613   
925  11064.7807063613   
926  11064.7807063613   
927  11064.7807063613   
928  11064.7807063613   
929  4868.709812197967  
930  4868.709812197967  
931  4868.709812197967  
932  4868.709812197967  
933  4868.709812197967  
934  4868.709812197967  
935  4868.709812197967  
936  4868.709812197967  
937  4868.709812197967  
938  4868.709812197967  
939  4868.709812197967  
940  4868.709812197967  
941  4868.709812197967  
942  4868.709812197967  
943  4868.709812197967  
944  4868.709812197967  
945  4868.709812197967  
946  4868.709812197967  
947  4868.709812197967  
948  4868.709812197967  
949  4868.709812197967  
950  4868.709812197967  
951  4868.709812197967  
952  4868.709812197967  
953  4868.709812197967  
954  4868.709812197967  
955  4868.709812197967  
956  4868.709812197967  
957  4868.709812197967  
958  4868.709812197967  
959  4868.709812197967  
960  11631.791330709615 
961  11631.791330709615 
962  11631.791330709615 
963  11631.791330709615 
964  11631.791330709615 
965  11631.791330709615 
966  11631.791330709615 
967  11631.791330709615 
968  11631.791330709615 
969  11631.791330709615 
970  11631.791330709615 
971  11631.791330709615 
972  11631.791330709615 
973  11631.791330709615 
974  11631.791330709615 
975  11631.791330709615 
976  11631.791330709615 
977  11631.791330709615 
978  11631.791330709615 
979  11631.791330709615 
980  11631.791330709615 
981  11631.791330709615 
982  11631.791330709615 
983  5491.23561300403   
984  5491.23561300403   
985  5491.23561300403   
986  5491.23561300403   
987  5491.23561300403   
988  5491.23561300403   
989  5491.23561300403   
990  5491.23561300403   
991  5491.23561300403   
992  5491.23561300403   
993  5491.23561300403   
994  5491.23561300403   
995  5491.23561300403   
996  5491.23561300403   
997  5491.23561300403   
998  5491.23561300403   
999  5491.23561300403   
1000 5491.23561300403   
1001 5491.23561300403   
1002 5491.23561300403   
1003 5491.23561300403   
1004 5491.23561300403   
1005 5491.23561300403   
1006 5491.23561300403   
1007 5491.23561300403   
1008 5491.23561300403   
1009 5491.23561300403   
1010 5491.23561300403   
1011 5491.23561300403   
1012 5491.23561300403   
1013 5491.23561300403   
1014 12183.64524544651  
1015 12183.64524544651  
1016 12183.64524544651  
1017 12183.64524544651  
1018 12183.64524544651  
1019 12183.64524544651  
1020 12183.64524544651  
1021 12183.64524544651  
1022 12183.64524544651  
1023 12183.64524544651  
1024 12183.64524544651  
1025 12183.64524544651  
1026 12183.64524544651  
1027 12183.64524544651  
1028 12183.64524544651  
1029 12183.64524544651  
1030 12183.64524544651  
1031 12183.64524544651  
1032 12183.64524544651  
1033 12183.64524544651  
1034 12183.64524544651  
1035 12183.64524544651  
1036 12183.64524544651  
1037 6098.553474949578  
1038 6098.553474949578  
1039 6098.553474949578  
1040 6098.553474949578  
1041 6098.553474949578  
1042 6098.553474949578  
1043 6098.553474949578  
1044 6098.553474949578  
1045 6098.553474949578  
1046 6098.553474949578  
1047 6098.553474949578  
1048 6098.553474949578  
1049 6098.553474949578  
1050 6098.553474949578  
1051 6098.553474949578  
1052 6098.553474949578  
1053 6098.553474949578  
1054 6098.553474949578  
1055 6098.553474949578  
1056 6098.553474949578  
1057 6098.553474949578  
1058 6098.553474949578  
1059 6098.553474949578  
1060 6098.553474949578  
1061 6098.553474949578  
1062 6098.553474949578  
1063 6098.553474949578  
1064 6098.553474949578  
1065 6098.553474949578  
1066 6098.553474949578  
1067 6098.553474949578  
1068 12718.887817117202 
1069 12718.887817117202 
1070 12718.887817117202 
1071 12718.887817117202 
1072 12718.887817117202 
1073 12718.887817117202 
1074 12718.887817117202 
1075 12718.887817117202 
1076 12718.887817117202 
1077 12718.887817117202 
1078 12718.887817117202 
1079 12718.887817117202 
1080 12718.887817117202 
1081 12718.887817117202 
1082 12718.887817117202 
1083 12718.887817117202 
1084 12718.887817117202 
1085 12718.887817117202 
1086 12718.887817117202 
1087 12718.887817117202 
1088 12718.887817117202 
1089 12718.887817117202 
1090 12718.887817117202 
1091 6661.605475118315  
1092 6661.605475118315  
1093 6661.605475118315  
1094 6661.605475118315  
1095 6661.605475118315  
1096 6661.605475118315  
1097 6661.605475118315  
1098 6661.605475118315  
1099 6661.605475118315  
1100 6661.605475118315  
1101 6661.605475118315  
1102 6661.605475118315  
1103 6661.605475118315  
1104 6661.605475118315  
1105 6661.605475118315  
1106 6661.605475118315  
1107 6661.605475118315  
1108 6661.605475118315  
1109 6661.605475118315  
1110 6661.605475118315  
1111 6661.605475118315  
1112 6661.605475118315  
1113 6661.605475118315  
1114 6661.605475118315  
1115 6661.605475118315  
1116 6661.605475118315  
1117 6661.605475118315  
1118 6661.605475118315  
1119 6661.605475118315  
1120 6661.605475118315  
1121 6661.605475118315  
1122 13207.741276495108 
1123 13207.741276495108 
1124 13207.741276495108 
1125 13207.741276495108 
1126 13207.741276495108 
1127 13207.741276495108 
1128 13207.741276495108 
1129 13207.741276495108 
1130 13207.741276495108 
1131 13207.741276495108 
1132 13207.741276495108 
1133 13207.741276495108 
1134 13207.741276495108 
1135 13207.741276495108 
1136 13207.741276495108 
1137 13207.741276495108 
1138 13207.741276495108 
1139 13207.741276495108 
1140 13207.741276495108 
1141 13207.741276495108 
1142 13207.741276495108 
1143 13207.741276495108 
1144 13207.741276495108 
1145 7178.273395290292  
1146 7178.273395290292  
1147 7178.273395290292  
1148 7178.273395290292  
1149 7178.273395290292  
1150 7178.273395290292  
1151 7178.273395290292  
1152 7178.273395290292  
1153 7178.273395290292  
1154 7178.273395290292  
1155 7178.273395290292  
1156 7178.273395290292  
1157 7178.273395290292  
1158 7178.273395290292  
1159 7178.273395290292  
1160 7178.273395290292  
1161 7178.273395290292  
1162 7178.273395290292  
1163 7178.273395290292  
1164 7178.273395290292  
1165 7178.273395290292  
1166 7178.273395290292  
1167 7178.273395290292  
1168 7178.273395290292  
1169 7178.273395290292  
1170 7178.273395290292  
1171 7178.273395290292  
1172 7178.273395290292  
1173 7178.273395290292  
1174 7178.273395290292  
1175 7178.273395290292  
1176 13657.450827589244 
1177 13657.450827589244 
1178 13657.450827589244 
1179 13657.450827589244 
1180 13657.450827589244 
1181 13657.450827589244 
1182 13657.450827589244 
1183 13657.450827589244 
1184 13657.450827589244 
1185 13657.450827589244 
1186 13657.450827589244 
1187 13657.450827589244 
1188 13657.450827589244 
1189 13657.450827589244 
1190 13657.450827589244 
1191 13657.450827589244 
1192 13657.450827589244 
1193 13657.450827589244 
1194 13657.450827589244 
1195 13657.450827589244 
1196 13657.450827589244 
1197 13657.450827589244 
1198 13657.450827589244 
1199 7655.77697900772   
1200 7655.77697900772   
1201 7655.77697900772   
1202 7655.77697900772   
1203 7655.77697900772   
1204 7655.77697900772   
1205 7655.77697900772   
1206 7655.77697900772   
1207 7655.77697900772   
1208 7655.77697900772   
1209 7655.77697900772   
1210 7655.77697900772   
1211 7655.77697900772   
1212 7655.77697900772   
1213 7655.77697900772   
1214 7655.77697900772   
1215 7655.77697900772   
1216 7655.77697900772   
1217 7655.77697900772   
1218 7655.77697900772   
1219 7655.77697900772   
1220 7655.77697900772   
1221 7655.77697900772   
1222 7655.77697900772   
1223 7655.77697900772   
1224 7655.77697900772   
1225 7655.77697900772   
1226 7655.77697900772   
1227 7655.77697900772   
1228 7655.77697900772   
1229 7655.77697900772   
1230 14100.3009465972   
1231 14100.3009465972   
1232 14100.3009465972   
1233 14100.3009465972   
1234 14100.3009465972   
1235 14100.3009465972   
1236 14100.3009465972   
1237 14100.3009465972   
1238 14100.3009465972   
1239 14100.3009465972   
1240 14100.3009465972   
1241 14100.3009465972   
1242 14100.3009465972   
1243 14100.3009465972   
1244 14100.3009465972   
1245 14100.3009465972   
1246 14100.3009465972   
1247 14100.3009465972   
1248 14100.3009465972   
1249 14100.3009465972   
1250 14100.3009465972   
1251 14100.3009465972   
1252 14100.3009465972   
1253 8126.392006045748  
1254 8126.392006045748  
1255 8126.392006045748  
1256 8126.392006045748  
1257 8126.392006045748  
1258 8126.392006045748  
1259 8126.392006045748  
1260 8126.392006045748  
1261 8126.392006045748  
1262 8126.392006045748  
1263 8126.392006045748  
1264 8126.392006045748  
1265 8126.392006045748  
1266 8126.392006045748  
1267 8126.392006045748  
1268 8126.392006045748  
1269 8126.392006045748  
1270 8126.392006045748  
1271 8126.392006045748  
1272 8126.392006045748  
1273 8126.392006045748  
1274 8126.392006045748  
1275 8126.392006045748  
1276 8126.392006045748  
1277 8126.392006045748  
1278 8126.392006045748  
1279 8126.392006045748  
1280 8126.392006045748  
1281 8126.392006045748  
1282 8126.392006045748  
1283 8126.392006045748  
1284 14533.506453090444 
1285 14533.506453090444 
1286 14533.506453090444 
1287 14533.506453090444 
1288 14533.506453090444 
1289 14533.506453090444 
1290 14533.506453090444 
1291 14533.506453090444 
1292 14533.506453090444 
1293 14533.506453090444 
1294 14533.506453090444 
1295 14533.506453090444 
1296 14533.506453090444 
1297 14533.506453090444 
1298 14533.506453090444 
1299 14533.506453090444 
1300 14533.506453090444 
1301 14533.506453090444 
1302 14533.506453090444 
1303 14533.506453090444 
1304 14533.506453090444 
1305 14533.506453090444 
1306 14533.506453090444 
1307 8559.732241986123  
1308 8559.732241986123  
1309 8559.732241986123  
1310 8559.732241986123  
1311 8559.732241986123  
1312 8559.732241986123  
1313 8559.732241986123  
1314 8559.732241986123  
1315 8559.732241986123  
1316 8559.732241986123  
1317 8559.732241986123  
1318 8559.732241986123  
1319 8559.732241986123  
1320 8559.732241986123  
1321 8559.732241986123  
1322 8559.732241986123  
1323 8559.732241986123  
1324 8559.732241986123  
1325 8559.732241986123  
1326 8559.732241986123  
1327 8559.732241986123  
1328 8559.732241986123  
1329 8559.732241986123  
1330 8559.732241986123  
1331 8559.732241986123  
1332 8559.732241986123  
1333 8559.732241986123  
1334 8559.732241986123  
1335 8559.732241986123  
1336 8559.732241986123  
1337 8559.732241986123  
1338 14930.275315003666 
1339 14930.275315003666 
1340 14930.275315003666 
1341 14930.275315003666 
1342 14930.275315003666 
1343 14930.275315003666 
1344 14930.275315003666 
1345 14930.275315003666 
1346 14930.275315003666 
1347 14930.275315003666 
1348 14930.275315003666 
1349 14930.275315003666 
1350 14930.275315003666 
1351 14930.275315003666 
1352 14930.275315003666 
1353 14930.275315003666 
1354 14930.275315003666 
1355 14930.275315003666 
1356 14930.275315003666 
1357 14930.275315003666 
1358 14930.275315003666 
1359 14930.275315003666 
1360 14930.275315003666 
1361 8984.261576313515  
1362 8984.261576313515  
1363 8984.261576313515  
1364 8984.261576313515  
1365 8984.261576313515  
1366 8984.261576313515  
1367 8984.261576313515  
1368 8984.261576313515  
1369 8984.261576313515  
1370 8984.261576313515  
1371 8984.261576313515  
1372 8984.261576313515  
1373 8984.261576313515  
1374 8984.261576313515  
1375 8984.261576313515  
1376 8984.261576313515  
1377 8984.261576313515  
1378 8984.261576313515  
1379 8984.261576313515  
1380 8984.261576313515  
1381 8984.261576313515  
1382 8984.261576313515  
1383 8984.261576313515  
1384 8984.261576313515  
1385 8984.261576313515  
1386 8984.261576313515  
1387 8984.261576313515  
1388 8984.261576313515  
1389 8984.261576313515  
1390 8984.261576313515  
1391 8984.261576313515  
1392 15321.05239067749  
1393 15321.05239067749  
1394 15321.05239067749  
1395 15321.05239067749  
1396 15321.05239067749  
1397 15321.05239067749  
1398 15321.05239067749  
1399 15321.05239067749  
1400 15321.05239067749  
1401 15321.05239067749  
1402 15321.05239067749  
1403 15321.05239067749  
1404 15321.05239067749  
1405 15321.05239067749  
1406 15321.05239067749  
1407 15321.05239067749  
1408 15321.05239067749  
1409 15321.05239067749  
1410 15321.05239067749  
1411 15321.05239067749  
1412 15321.05239067749  
1413 15321.05239067749  
1414 15321.05239067749  
1415 9402.78567469135   
1416 9402.78567469135   
1417 9402.78567469135   
1418 9402.78567469135   
1419 9402.78567469135   
1420 9402.78567469135   
1421 9402.78567469135   
1422 9402.78567469135   
1423 9402.78567469135   
1424 9402.78567469135   
1425 9402.78567469135   
1426 9402.78567469135   
1427 9402.78567469135   
1428 9402.78567469135   
1429 9402.78567469135   
1430 9402.78567469135   
1431 9402.78567469135   
1432 9402.78567469135   
1433 9402.78567469135   
1434 9402.78567469135   
1435 9402.78567469135   
1436 9402.78567469135   
1437 9402.78567469135   
1438 9402.78567469135   
1439 9402.78567469135   
1440 9402.78567469135   
1441 9402.78567469135   
1442 9402.78567469135   
1443 9402.78567469135   
1444 9402.78567469135   
1445 9402.78567469135   
1446 15736.201515378943 
1447 15736.201515378943 
1448 15736.201515378943 
1449 15736.201515378943 
1450 15736.201515378943 
1451 15736.201515378943 
1452 15736.201515378943 
1453 15736.201515378943 
1454 15736.201515378943 
1455 15736.201515378943 
1456 15736.201515378943 
1457 15736.201515378943 
1458 15736.201515378943 
1459 15736.201515378943 
1460 15736.201515378943 
1461 15736.201515378943 
1462 15736.201515378943 
1463 15736.201515378943 
1464 15736.201515378943 
1465 15736.201515378943 
1466 15736.201515378943 
1467 15736.201515378943 
1468 15736.201515378943 
1469 9818.052240163317  
1470 9818.052240163317  
1471 9818.052240163317  
1472 9818.052240163317  
1473 9818.052240163317  
1474 9818.052240163317  
1475 9818.052240163317  
1476 9818.052240163317  
1477 9818.052240163317  
1478 9818.052240163317  
1479 9818.052240163317  
1480 9818.052240163317  
1481 9818.052240163317  
1482 9818.052240163317  
1483 9818.052240163317  
1484 9818.052240163317  
1485 9818.052240163317  
1486 9818.052240163317  
1487 9818.052240163317  
1488 9818.052240163317  
1489 9818.052240163317  
1490 9818.052240163317  
1491 9818.052240163317  
1492 9818.052240163317  
1493 9818.052240163317  
1494 9818.052240163317  
1495 9818.052240163317  
1496 9818.052240163317  
1497 9818.052240163317  
1498 9818.052240163317  
1499 9818.052240163317  
1500 16114.698353863801 
1501 16114.698353863801 
1502 16114.698353863801 
1503 16114.698353863801 
1504 16114.698353863801 
1505 16114.698353863801 
1506 16114.698353863801 
1507 16114.698353863801 
1508 16114.698353863801 
1509 16114.698353863801 
1510 16114.698353863801 
1511 16114.698353863801 
1512 16114.698353863801 
1513 16114.698353863801 
1514 16114.698353863801 
1515 16114.698353863801 
1516 16114.698353863801 
1517 16114.698353863801 
1518 16114.698353863801 
1519 16114.698353863801 
1520 16114.698353863801 
1521 16114.698353863801 
1522 16114.698353863801 
1523 10224.244413055676 
1524 10224.244413055676 
1525 10224.244413055676 
1526 10224.244413055676 
1527 10224.244413055676 
1528 10224.244413055676 
1529 10224.244413055676 
1530 10224.244413055676 
1531 10224.244413055676 
1532 10224.244413055676 
1533 10224.244413055676 
1534 10224.244413055676 
1535 10224.244413055676 
1536 10224.244413055676 
1537 10224.244413055676 
1538 10224.244413055676 
1539 10224.244413055676 
1540 10224.244413055676 
1541 10224.244413055676 
1542 10224.244413055676 
1543 10224.244413055676 
1544 10224.244413055676 
1545 10224.244413055676 
1546 10224.244413055676 
1547 10224.244413055676 
1548 10224.244413055676 
1549 10224.244413055676 
1550 10224.244413055676 
1551 10224.244413055676 
1552 10224.244413055676 
1553 10224.244413055676 
1554 16484.272746939972 
1555 16484.272746939972 
1556 16484.272746939972 
1557 16484.272746939972 
1558 16484.272746939972 
1559 16484.272746939972 
1560 16484.272746939972 
1561 16484.272746939972 
1562 16484.272746939972 
1563 16484.272746939972 
1564 16484.272746939972 
1565 16484.272746939972 
1566 16484.272746939972 
1567 16484.272746939972 
1568 16484.272746939972 
1569 16484.272746939972 
1570 16484.272746939972 
1571 16484.272746939972 
1572 16484.272746939972 
1573 16484.272746939972 
1574 16484.272746939972 
1575 16484.272746939972 
1576 16484.272746939972 
1577 10593.895751564387 
1578 10593.895751564387 
1579 10593.895751564387 
1580 10593.895751564387 
1581 10593.895751564387 
1582 10593.895751564387 
1583 10593.895751564387 
1584 10593.895751564387 
1585 10593.895751564387 
1586 10593.895751564387 
1587 10593.895751564387 
1588 10593.895751564387 
1589 10593.895751564387 
1590 10593.895751564387 
1591 10593.895751564387 
1592 10593.895751564387 
1593 10593.895751564387 
1594 10593.895751564387 
1595 10593.895751564387 
1596 10593.895751564387 
1597 10593.895751564387 
1598 10593.895751564387 
1599 10593.895751564387 
1600 10593.895751564387 
1601 10593.895751564387 
1602 10593.895751564387 
1603 10593.895751564387 
1604 10593.895751564387 
1605 10593.895751564387 
1606 10593.895751564387 
1607 10593.895751564387 
1608 16849.420280220867 
1609 16849.420280220867 
1610 16849.420280220867 
1611 16849.420280220867 
1612 16849.420280220867 
1613 16849.420280220867 
1614 16849.420280220867 
1615 16849.420280220867 
1616 16849.420280220867 
1617 16849.420280220867 
1618 16849.420280220867 
1619 16849.420280220867 
1620 16849.420280220867 
1621 16849.420280220867 
1622 16849.420280220867 
1623 16849.420280220867 
1624 16849.420280220867 
1625 16849.420280220867 
1626 16849.420280220867 
1627 16849.420280220867 
1628 16849.420280220867 
1629 16849.420280220867 
1630 16849.420280220867 
1631 10986.756796785176 
1632 10986.756796785176 
1633 10986.756796785176 
1634 10986.756796785176 
1635 10986.756796785176 
1636 10986.756796785176 
1637 10986.756796785176 
1638 10986.756796785176 
1639 10986.756796785176 
1640 10986.756796785176 
1641 10986.756796785176 
1642 10986.756796785176 
1643 10986.756796785176 
1644 10986.756796785176 
1645 10986.756796785176 
1646 10986.756796785176 
1647 10986.756796785176 
1648 10986.756796785176 
1649 10986.756796785176 
1650 10986.756796785176 
1651 10986.756796785176 
1652 10986.756796785176 
1653 10986.756796785176 
1654 10986.756796785176 
1655 10986.756796785176 
1656 10986.756796785176 
1657 10986.756796785176 
1658 10986.756796785176 
1659 10986.756796785176 
1660 10986.756796785176 
1661 10986.756796785176 
1662 17211.294400872175 
1663 17211.294400872175 
1664 17211.294400872175 
1665 17211.294400872175 
1666 17211.294400872175 
1667 17211.294400872175 
1668 17211.294400872175 
1669 17211.294400872175 
1670 17211.294400872175 
1671 17211.294400872175 
1672 17211.294400872175 
1673 17211.294400872175 
1674 17211.294400872175 
1675 17211.294400872175 
1676 17211.294400872175 
1677 17211.294400872175 
1678 17211.294400872175 
1679 17211.294400872175 
1680 17211.294400872175 
1681 17211.294400872175 
1682 17211.294400872175 
1683 17211.294400872175 
1684 17211.294400872175 
1685 11348.707584208201 
1686 11348.707584208201 
1687 11348.707584208201 
1688 11348.707584208201 
1689 11348.707584208201 
1690 11348.707584208201 
1691 11348.707584208201 
1692 11348.707584208201 
1693 11348.707584208201 
1694 11348.707584208201 
1695 11348.707584208201 
1696 11348.707584208201 
1697 11348.707584208201 
1698 11348.707584208201 
1699 11348.707584208201 
1700 11348.707584208201 
1701 11348.707584208201 
1702 11348.707584208201 
1703 11348.707584208201 
1704 11348.707584208201 
1705 11348.707584208201 
1706 11348.707584208201 
1707 11348.707584208201 
1708 11348.707584208201 
1709 11348.707584208201 
1710 11348.707584208201 
1711 11348.707584208201 
1712 11348.707584208201 
1713 11348.707584208201 
1714 11348.707584208201 
1715 11348.707584208201 
1716 17572.973419751153 
1717 17572.973419751153 
1718 17572.973419751153 
1719 17572.973419751153 
1720 17572.973419751153 
1721 17572.973419751153 
1722 17572.973419751153 
1723 17572.973419751153 
1724 17572.973419751153 
1725 17572.973419751153 
1726 17572.973419751153 
1727 17572.973419751153 
1728 17572.973419751153 
1729 17572.973419751153 
1730 17572.973419751153 
1731 17572.973419751153 
1732 17572.973419751153 
1733 17572.973419751153 
1734 17572.973419751153 
1735 17572.973419751153 
1736 17572.973419751153 
1737 17572.973419751153 
1738 17572.973419751153 
1739 11710.451178459172 
1740 11710.451178459172 
1741 11710.451178459172 
1742 11710.451178459172 
1743 11710.451178459172 
1744 11710.451178459172 
1745 11710.451178459172 
1746 11710.451178459172 
1747 11710.451178459172 
1748 11710.451178459172 
1749 11710.451178459172 
1750 11710.451178459172 
1751 11710.451178459172 
1752 11710.451178459172 
1753 11710.451178459172 
1754 11710.451178459172 
1755 11710.451178459172 
1756 11710.451178459172 
1757 11710.451178459172 
1758 11710.451178459172 
1759 11710.451178459172 
1760 11710.451178459172 
1761 11710.451178459172 
1762 11710.451178459172 
1763 11710.451178459172 
1764 11710.451178459172 
1765 11710.451178459172 
1766 11710.451178459172 
1767 11710.451178459172 
1768 11710.451178459172 
1769 11710.451178459172 
1770 17898.944020174604 
1771 17898.944020174604 
1772 17898.944020174604 
1773 17898.944020174604 
1774 17898.944020174604 
1775 17898.944020174604 
1776 17898.944020174604 
1777 17898.944020174604 
1778 17898.944020174604 
1779 17898.944020174604 
1780 17898.944020174604 
1781 17898.944020174604 
1782 17898.944020174604 
1783 17898.944020174604 
1784 17898.944020174604 
1785 17898.944020174604 
1786 17898.944020174604 
1787 17898.944020174604 
1788 17898.944020174604 
1789 17898.944020174604 
1790 17898.944020174604 
1791 17898.944020174604 
1792 17898.944020174604 
1793 12036.480951177555 
1794 12036.480951177555 
1795 12036.480951177555 
1796 12036.480951177555 
1797 12036.480951177555 
1798 12036.480951177555 
1799 12036.480951177555 
1800 12036.480951177555 
1801 12036.480951177555 
1802 12036.480951177555 
1803 12036.480951177555 
1804 12036.480951177555 
1805 12036.480951177555 
1806 12036.480951177555 
1807 12036.480951177555 
1808 12036.480951177555 
1809 12036.480951177555 
1810 12036.480951177555 
1811 12036.480951177555 
1812 12036.480951177555 
1813 12036.480951177555 
1814 12036.480951177555 
1815 12036.480951177555 
1816 12036.480951177555 
1817 12036.480951177555 
1818 12036.480951177555 
1819 12036.480951177555 
1820 12036.480951177555 
1821 12036.480951177555 
1822 12036.480951177555 
1823 12036.480951177555 
1824 18222.943634688396 
1825 18222.943634688396 
1826 18222.943634688396 
1827 18222.943634688396 
1828 18222.943634688396 
1829 18222.943634688396 
1830 18222.943634688396 
1831 18222.943634688396 
1832 18222.943634688396 
1833 18222.943634688396 
1834 18222.943634688396 
1835 18222.943634688396 
1836 18222.943634688396 
1837 18222.943634688396 
1838 18222.943634688396 
1839 18222.943634688396 
1840 18222.943634688396 
1841 18222.943634688396 
1842 18222.943634688396 
1843 18222.943634688396 
1844 18222.943634688396 
1845 18222.943634688396 
1846 18222.943634688396 
1847 12360.536302607412 
1848 12360.536302607412 
1849 12360.536302607412 
1850 12360.536302607412 
1851 12360.536302607412 
1852 12360.536302607412 
1853 12360.536302607412 
1854 12360.536302607412 
1855 12360.536302607412 
1856 12360.536302607412 
1857 12360.536302607412 
1858 12360.536302607412 
1859 12360.536302607412 
1860 12360.536302607412 
1861 12360.536302607412 
1862 12360.536302607412 
1863 12360.536302607412 
1864 12360.536302607412 
1865 12360.536302607412 
1866 12360.536302607412 
1867 12360.536302607412 
1868 12360.536302607412 
1869 12360.536302607412 
1870 12360.536302607412 
1871 12360.536302607412 
1872 12360.536302607412 
1873 12360.536302607412 
1874 12360.536302607412 
1875 12360.536302607412 
1876 12360.536302607412 
1877 12360.536302607412 
1878 18545.75642611436  
1879 18545.75642611436  
1880 18545.75642611436  
1881 18545.75642611436  
1882 18545.75642611436  
1883 18545.75642611436  
1884 18545.75642611436  
1885 18545.75642611436  
1886 18545.75642611436  
1887 18545.75642611436  
1888 18545.75642611436  
1889 18545.75642611436  
1890 18545.75642611436  
1891 18545.75642611436  
1892 18545.75642611436  
1893 18545.75642611436  
1894 18545.75642611436  
1895 18545.75642611436  
1896 18545.75642611436  
1897 18545.75642611436  
1898 18545.75642611436  
1899 18545.75642611436  
1900 18545.75642611436  
1901 12683.402553970252 
1902 12683.402553970252 
1903 12683.402553970252 
1904 12683.402553970252 
1905 12683.402553970252 
1906 12683.402553970252 
1907 12683.402553970252 
1908 12683.402553970252 
1909 12683.402553970252 
1910 12683.402553970252 
1911 12683.402553970252 
1912 12683.402553970252 
1913 12683.402553970252 
1914 12683.402553970252 
1915 12683.402553970252 
1916 12683.402553970252 
1917 12683.402553970252 
1918 12683.402553970252 
1919 12683.402553970252 
1920 12683.402553970252 
1921 12683.402553970252 
1922 12683.402553970252 
1923 12683.402553970252 
1924 12683.402553970252 
1925 12683.402553970252 
1926 12683.402553970252 
1927 12683.402553970252 
1928 12683.402553970252 
1929 12683.402553970252 
1930 12683.402553970252 
1931 12683.402553970252 
1932 18868.10030051944  
1933 18868.10030051944  
1934 18868.10030051944  
1935 18868.10030051944  
1936 18868.10030051944  
1937 18868.10030051944  
1938 18868.10030051944  
1939 18868.10030051944  
1940 18868.10030051944  
1941 18868.10030051944  
1942 18868.10030051944  
1943 18868.10030051944  
1944 18868.10030051944  
1945 18868.10030051944  
1946 18868.10030051944  
1947 18868.10030051944  
1948 18868.10030051944  
1949 18868.10030051944  
1950 18868.10030051944  
1951 18868.10030051944  
1952 18868.10030051944  
1953 18868.10030051944  
1954 18868.10030051944  
1955 13033.419319077031 
1956 13033.419319077031 
1957 13033.419319077031 
1958 13033.419319077031 
1959 13033.419319077031 
1960 13033.419319077031 
1961 13033.419319077031 
1962 13033.419319077031 
1963 13033.419319077031 
1964 13033.419319077031 
1965 13033.419319077031 
1966 13033.419319077031 
1967 13033.419319077031 
1968 13033.419319077031 
1969 13033.419319077031 
1970 13033.419319077031 
1971 13033.419319077031 
1972 13033.419319077031 
1973 13033.419319077031 
1974 13033.419319077031 
1975 13033.419319077031 
1976 13033.419319077031 
1977 13033.419319077031 
1978 13033.419319077031 
1979 13033.419319077031 
1980 13033.419319077031 
1981 13033.419319077031 
1982 13033.419319077031 
1983 13033.419319077031 
1984 13033.419319077031 
1985 13033.419319077031 
1986 19216.795831668245 
1987 19216.795831668245 
1988 19216.795831668245 
1989 19216.795831668245 
1990 19216.795831668245 
1991 19216.795831668245 
1992 19216.795831668245 
1993 19216.795831668245 
1994 19216.795831668245 
1995 19216.795831668245 
1996 19216.795831668245 
1997 19216.795831668245 
1998 19216.795831668245 
1999 19216.795831668245 
2000 19216.795831668245 
2001 19216.795831668245 
2002 19216.795831668245 
2003 19216.795831668245 
2004 19216.795831668245 
2005 19216.795831668245 
2006 19216.795831668245 
2007 19216.795831668245 
2008 19216.795831668245 
2009 13354.575099278003 
2010 13354.575099278003 
2011 13354.575099278003 
2012 13354.575099278003 
2013 13354.575099278003 
2014 13354.575099278003 
2015 13354.575099278003 
2016 13354.575099278003 
2017 13354.575099278003 
2018 13354.575099278003 
2019 13354.575099278003 
2020 13354.575099278003 
2021 13354.575099278003 
2022 13354.575099278003 
2023 13354.575099278003 
2024 13354.575099278003 
2025 13354.575099278003 
2026 13354.575099278003 
2027 13354.575099278003 
2028 13354.575099278003 
2029 13354.575099278003 
2030 13354.575099278003 
2031 13354.575099278003 
2032 13354.575099278003 
2033 13354.575099278003 
2034 13354.575099278003 
2035 13354.575099278003 
2036 13354.575099278003 
2037 13354.575099278003 
2038 13354.575099278003 
2039 13354.575099278003 
2040 19537.090781745985 
2041 19537.090781745985 
2042 19537.090781745985 
2043 19537.090781745985 
2044 19537.090781745985 
2045 19537.090781745985 
2046 19537.090781745985 
2047 19537.090781745985 
2048 19537.090781745985 
2049 19537.090781745985 
2050 19537.090781745985 
2051 19537.090781745985 
2052 19537.090781745985 
2053 19537.090781745985 
2054 19537.090781745985 
2055 19537.090781745985 
2056 19537.090781745985 
2057 19537.090781745985 
2058 19537.090781745985 
2059 19537.090781745985 
2060 19537.090781745985 
2061 19537.090781745985 
2062 19537.090781745985 
2063 13730.162447785708 
2064 13730.162447785708 
2065 13730.162447785708 
2066 13730.162447785708 
2067 13730.162447785708 
2068 13730.162447785708 
2069 13730.162447785708 
2070 13730.162447785708 
2071 13730.162447785708 
2072 13730.162447785708 
2073 13730.162447785708 
2074 13730.162447785708 
2075 13730.162447785708 
2076 13730.162447785708 
2077 13730.162447785708 
2078 13730.162447785708 
2079 13730.162447785708 
2080 13730.162447785708 
2081 13730.162447785708 
2082 13730.162447785708 
2083 13730.162447785708 
2084 13730.162447785708 
2085 13730.162447785708 
2086 13730.162447785708 
2087 13730.162447785708 
2088 13730.162447785708 
2089 13730.162447785708 
2090 13730.162447785708 
2091 13730.162447785708 
2092 13730.162447785708 
2093 13730.162447785708 
2094 19879.614774766604 
2095 19879.614774766604 
2096 19879.614774766604 
2097 19879.614774766604 
2098 19879.614774766604 
2099 19879.614774766604 
2100 19879.614774766604 
2101 19879.614774766604 
2102 19879.614774766604 
2103 19879.614774766604 
2104 19879.614774766604 
2105 19879.614774766604 
2106 19879.614774766604 
2107 19879.614774766604 
2108 19879.614774766604 
2109 19879.614774766604 
2110 19879.614774766604 
2111 19879.614774766604 
2112 19879.614774766604 
2113 19879.614774766604 
2114 19879.614774766604 
2115 19879.614774766604 
2116 19879.614774766604 
2117 14072.683252059403 
2118 14072.683252059403 
2119 14072.683252059403 
2120 14072.683252059403 
2121 14072.683252059403 
2122 14072.683252059403 
2123 14072.683252059403 
2124 14072.683252059403 
2125 14072.683252059403 
2126 14072.683252059403 
2127 14072.683252059403 
2128 14072.683252059403 
2129 14072.683252059403 
2130 14072.683252059403 
2131 14072.683252059403 
2132 14072.683252059403 
2133 14072.683252059403 
2134 14072.683252059403 
2135 14072.683252059403 
2136 14072.683252059403 
2137 14072.683252059403 
2138 14072.683252059403 
2139 14072.683252059403 
2140 14072.683252059403 
2141 14072.683252059403 
2142 14072.683252059403 
2143 14072.683252059403 
2144 14072.683252059403 
2145 14072.683252059403 
2146 14072.683252059403 
2147 14072.683252059403 
2148 20247.325281088408 
2149 20247.325281088408 
2150 20247.325281088408 
2151 20247.325281088408 
2152 20247.325281088408 
2153 20247.325281088408 
2154 20247.325281088408 
2155 20247.325281088408 
2156 20247.325281088408 
2157 20247.325281088408 
2158 20247.325281088408 
2159 20247.325281088408 
2160 20247.325281088408 
2161 20247.325281088408 
2162 20247.325281088408 
2163 20247.325281088408 
2164 20247.325281088408 
2165 20247.325281088408 
2166 20247.325281088408 
2167 20247.325281088408 
2168 20247.325281088408 
2169 20247.325281088408 
2170 20247.325281088408 
2171 14440.441590566938 
2172 14440.441590566938 
2173 14440.441590566938 
2174 14440.441590566938 
2175 14440.441590566938 
2176 14440.441590566938 
2177 14440.441590566938 
2178 14440.441590566938 
2179 14440.441590566938 
2180 14440.441590566938 
2181 14440.441590566938 
2182 14440.441590566938 
2183 14440.441590566938 
2184 14440.441590566938 
2185 14440.441590566938 
2186 14440.441590566938 
2187 14440.441590566938 
2188 14440.441590566938 
2189 14440.441590566938 
2190 14440.441590566938 
2191 14440.441590566938 
2192 14440.441590566938 
2193 14440.441590566938 
2194 14440.441590566938 
2195 14440.441590566938 
2196 14440.441590566938 
2197 14440.441590566938 
2198 14440.441590566938 
2199 14440.441590566938 
2200 14440.441590566938 
2201 14440.441590566938 
2202 20548.869730473783 
2203 20548.869730473783 
2204 20548.869730473783 
2205 20548.869730473783 
2206 20548.869730473783 
2207 20548.869730473783 
2208 20548.869730473783 
2209 20548.869730473783 
2210 20548.869730473783 
2211 20548.869730473783 
2212 20548.869730473783 
2213 20548.869730473783 
2214 20548.869730473783 
2215 20548.869730473783 
2216 20548.869730473783 
2217 20548.869730473783 
2218 20548.869730473783 
2219 20548.869730473783 
2220 20548.869730473783 
2221 20548.869730473783 
2222 20548.869730473783 
2223 20548.869730473783 
2224 20548.869730473783 
2225 14742.06238726495  
2226 14742.06238726495  
2227 14742.06238726495  
2228 14742.06238726495  
2229 14742.06238726495  
2230 14742.06238726495  
2231 14742.06238726495  
2232 14742.06238726495  
2233 14742.06238726495  
2234 14742.06238726495  
2235 14742.06238726495  
2236 14742.06238726495  
2237 14742.06238726495  
2238 14742.06238726495  
2239 14742.06238726495  
2240 14742.06238726495  
2241 14742.06238726495  
2242 14742.06238726495  
2243 14742.06238726495  
2244 14742.06238726495  
2245 14742.06238726495  
2246 14742.06238726495  
2247 14742.06238726495  
2248 14742.06238726495  
2249 14742.06238726495  
2250 14742.06238726495  
2251 14742.06238726495  
2252 14742.06238726495  
2253 14742.06238726495  
2254 14742.06238726495  
2255 14742.06238726495  
2256 20857.2740673227   
2257 20857.2740673227   
2258 20857.2740673227   
2259 20857.2740673227   
2260 20857.2740673227   
2261 20857.2740673227   
2262 20857.2740673227   
2263 20857.2740673227   
2264 20857.2740673227   
2265 20857.2740673227   
2266 20857.2740673227   
2267 20857.2740673227   
2268 20857.2740673227   
2269 20857.2740673227   
2270 20857.2740673227   
2271 20857.2740673227   
2272 20857.2740673227   
2273 20857.2740673227   
2274 20857.2740673227   
2275 20857.2740673227   
2276 20857.2740673227   
2277 20857.2740673227   
2278 20857.2740673227   
2279 15050.45158381503  
2280 15050.45158381503  
2281 15050.45158381503  
2282 15050.45158381503  
2283 15050.45158381503  
2284 15050.45158381503  
2285 15050.45158381503  
2286 15050.45158381503  
2287 15050.45158381503  
2288 15050.45158381503  
2289 15050.45158381503  
2290 15050.45158381503  
2291 15050.45158381503  
2292 15050.45158381503  
2293 15050.45158381503  
2294 15050.45158381503  
2295 15050.45158381503  
2296 15050.45158381503  
2297 15050.45158381503  
2298 15050.45158381503  
2299 15050.45158381503  
2300 15050.45158381503  
2301 15050.45158381503  
2302 15050.45158381503  
2303 15050.45158381503  
2304 15050.45158381503  
2305 15050.45158381503  
2306 15050.45158381503  
2307 15050.45158381503  
2308 15050.45158381503  
2309 15050.45158381503  
2310 21163.321790784834 
2311 21163.321790784834 
2312 21163.321790784834 
2313 21163.321790784834 
2314 21163.321790784834 
2315 21163.321790784834 
2316 21163.321790784834 
2317 21163.321790784834 
2318 21163.321790784834 
2319 21163.321790784834 
2320 21163.321790784834 
2321 21163.321790784834 
2322 21163.321790784834 
2323 21163.321790784834 
2324 21163.321790784834 
2325 21163.321790784834 
2326 21163.321790784834 
2327 21163.321790784834 
2328 21163.321790784834 
2329 21163.321790784834 
2330 21163.321790784834 
2331 21163.321790784834 
2332 21163.321790784834 
2333 15356.547436194953 
2334 15356.547436194953 
2335 15356.547436194953 
2336 15356.547436194953 
2337 15356.547436194953 
2338 15356.547436194953 
2339 15356.547436194953 
2340 15356.547436194953 
2341 15356.547436194953 
2342 15356.547436194953 
2343 15356.547436194953 
2344 15356.547436194953 
2345 15356.547436194953 
2346 15356.547436194953 
2347 15356.547436194953 
2348 15356.547436194953 
2349 15356.547436194953 
2350 15356.547436194953 
2351 15356.547436194953 
2352 15356.547436194953 
2353 15356.547436194953 
2354 15356.547436194953 
2355 15356.547436194953 
2356 15356.547436194953 
2357 15356.547436194953 
2358 15356.547436194953 
2359 15356.547436194953 
2360 15356.547436194953 
2361 15356.547436194953 
2362 15356.547436194953 
2363 15356.547436194953 
2364 21462.29880233921  
2365 21462.29880233921  
2366 21462.29880233921  
2367 21462.29880233921  
2368 21462.29880233921  
2369 21462.29880233921  
2370 21462.29880233921  
2371 21462.29880233921  
2372 21462.29880233921  
2373 21462.29880233921  
2374 21462.29880233921  
2375 21462.29880233921  
2376 21462.29880233921  
2377 21462.29880233921  
2378 21462.29880233921  
2379 21462.29880233921  
2380 21462.29880233921  
2381 21462.29880233921  
2382 21462.29880233921  
2383 21462.29880233921  
2384 21462.29880233921  
2385 21462.29880233921  
2386 21462.29880233921  
2387 15655.54757867178  
2388 15655.54757867178  
2389 15655.54757867178  
2390 15655.54757867178  
2391 15655.54757867178  
2392 15655.54757867178  
2393 15655.54757867178  
2394 15655.54757867178  
2395 15655.54757867178  
2396 15655.54757867178  
2397 15655.54757867178  
2398 15655.54757867178  
2399 15655.54757867178  
2400 15655.54757867178  
2401 15655.54757867178  
2402 15655.54757867178  
2403 15655.54757867178  
2404 15655.54757867178  
2405 15655.54757867178  
2406 15655.54757867178  
2407 15655.54757867178  
2408 15655.54757867178  
2409 15655.54757867178  
2410 15655.54757867178  
2411 15655.54757867178  
2412 15655.54757867178  
2413 15655.54757867178  
2414 15655.54757867178  
2415 15655.54757867178  
2416 15655.54757867178  
2417 15655.54757867178  
2418 21768.613611171382 
2419 21768.613611171382 
2420 21768.613611171382 
2421 21768.613611171382 
2422 21768.613611171382 
2423 21768.613611171382 
2424 21768.613611171382 
2425 21768.613611171382 
2426 21768.613611171382 
2427 21768.613611171382 
2428 21768.613611171382 
2429 21768.613611171382 
2430 21768.613611171382 
2431 21768.613611171382 
2432 21768.613611171382 
2433 21768.613611171382 
2434 21768.613611171382 
2435 21768.613611171382 
2436 21768.613611171382 
2437 21768.613611171382 
2438 21768.613611171382 
2439 21768.613611171382 
2440 21768.613611171382 
2441 15961.87518357471  
2442 15961.87518357471  
2443 15961.87518357471  
2444 15961.87518357471  
2445 15961.87518357471  
2446 15961.87518357471  
2447 15961.87518357471  
2448 15961.87518357471  
2449 15961.87518357471  
2450 15961.87518357471  
2451 15961.87518357471  
2452 15961.87518357471  
2453 15961.87518357471  
2454 15961.87518357471  
2455 15961.87518357471  
2456 15961.87518357471  
2457 15961.87518357471  
2458 15961.87518357471  
2459 15961.87518357471  
2460 15961.87518357471  
2461 15961.87518357471  
2462 15961.87518357471  
2463 15961.87518357471  
2464 15961.87518357471  
2465 15961.87518357471  
2466 15961.87518357471  
2467 15961.87518357471  
2468 15961.87518357471  
2469 15961.87518357471  
2470 15961.87518357471  
2471 15961.87518357471  
2472 22071.976692818585 
2473 22071.976692818585 
2474 22071.976692818585 
2475 22071.976692818585 
2476 22071.976692818585 
2477 22071.976692818585 
2478 22071.976692818585 
2479 22071.976692818585 
2480 22071.976692818585 
2481 22071.976692818585 
2482 22071.976692818585 
2483 22071.976692818585 
2484 22071.976692818585 
2485 22071.976692818585 
2486 22071.976692818585 
2487 22071.976692818585 
2488 22071.976692818585 
2489 22071.976692818585 
2490 22071.976692818585 
2491 22071.976692818585 
2492 22071.976692818585 
2493 22071.976692818585 
2494 22071.976692818585 
2495 16265.27295434189  
2496 16265.27295434189  
2497 16265.27295434189  
2498 16265.27295434189  
2499 16265.27295434189  
2500 16265.27295434189  
2501 16265.27295434189  
2502 16265.27295434189  
2503 16265.27295434189  
2504 16265.27295434189  
2505 16265.27295434189  
2506 16265.27295434189  
2507 16265.27295434189  
2508 16265.27295434189  
2509 16265.27295434189  
2510 16265.27295434189  
2511 16265.27295434189  
2512 16265.27295434189  
2513 16265.27295434189  
2514 16265.27295434189  
2515 16265.27295434189  
2516 16265.27295434189  
2517 16265.27295434189  
2518 16265.27295434189  
2519 16265.27295434189  
2520 16265.27295434189  
2521 16265.27295434189  
2522 16265.27295434189  
2523 16265.27295434189  
2524 16265.27295434189  
2525 16265.27295434189  
2526 22375.772937404497 
2527 22375.772937404497 
2528 22375.772937404497 
2529 22375.772937404497 
2530 22375.772937404497 
2531 22375.772937404497 
2532 22375.772937404497 
2533 22375.772937404497 
2534 22375.772937404497 
2535 22375.772937404497 
2536 22375.772937404497 
2537 22375.772937404497 
2538 22375.772937404497 
2539 22375.772937404497 
2540 22375.772937404497 
2541 22375.772937404497 
2542 22375.772937404497 
2543 22375.772937404497 
2544 22375.772937404497 
2545 22375.772937404497 
2546 22375.772937404497 
2547 22375.772937404497 
2548 22375.772937404497 
2549 16569.09775934062  
2550 16569.09775934062  
2551 16569.09775934062  
2552 16569.09775934062  
2553 16569.09775934062  
2554 16569.09775934062  
2555 16569.09775934062  
2556 16569.09775934062  
2557 16569.09775934062  
2558 16569.09775934062  
2559 16569.09775934062  
2560 16569.09775934062  
2561 16569.09775934062  
2562 16569.09775934062  
2563 16569.09775934062  
2564 16569.09775934062  
2565 16569.09775934062  
2566 16569.09775934062  
2567 16569.09775934062  
2568 16569.09775934062  
2569 16569.09775934062  
2570 16569.09775934062  
2571 16569.09775934062  
2572 16569.09775934062  
2573 16569.09775934062  
2574 16569.09775934062  
2575 16569.09775934062  
2576 16569.09775934062  
2577 16569.09775934062  
2578 16569.09775934062  
2579 16569.09775934062  
2580 22682.225174418607 
2581 22682.225174418607 
2582 22682.225174418607 
2583 22682.225174418607 
2584 22682.225174418607 
2585 22682.225174418607 
2586 22682.225174418607 
2587 22682.225174418607 
2588 22682.225174418607 
2589 22682.225174418607 
2590 22682.225174418607 
2591 22682.225174418607 
2592 22682.225174418607 
2593 22682.225174418607 
2594 22682.225174418607 
2595 22682.225174418607 
2596 22682.225174418607 
2597 22682.225174418607 
2598 22682.225174418607 
2599 22682.225174418607 
2600 22682.225174418607 
2601 22682.225174418607 
2602 22682.225174418607 
2603 16875.55941355021  
2604 16875.55941355021  
2605 16875.55941355021  
2606 16875.55941355021  
2607 16875.55941355021  
2608 16875.55941355021  
2609 16875.55941355021  
2610 16875.55941355021  
2611 16875.55941355021  
2612 16875.55941355021  
2613 16875.55941355021  
2614 16875.55941355021  
2615 16875.55941355021  
2616 16875.55941355021  
2617 16875.55941355021  
2618 16875.55941355021  
2619 16875.55941355021  
2620 16875.55941355021  
2621 16875.55941355021  
2622 16875.55941355021  
2623 16875.55941355021  
2624 16875.55941355021  
2625 16875.55941355021  
2626 16875.55941355021  
2627 16875.55941355021  
2628 16875.55941355021  
2629 16875.55941355021  
2630 16875.55941355021  
2631 16875.55941355021  
2632 16875.55941355021  
2633 16875.55941355021  
2634 22986.604054747524 
2635 22986.604054747524 
2636 22986.604054747524 
2637 22986.604054747524 
2638 22986.604054747524 
2639 22986.604054747524 
2640 22986.604054747524 
2641 22986.604054747524 
2642 22986.604054747524 
2643 22986.604054747524 
2644 22986.604054747524 
2645 22986.604054747524 
2646 22986.604054747524 
2647 22986.604054747524 
2648 22986.604054747524 
2649 22986.604054747524 
2650 22986.604054747524 
2651 22986.604054747524 
2652 22986.604054747524 
2653 22986.604054747524 
2654 22986.604054747524 
2655 22986.604054747524 
2656 22986.604054747524 
2657 17179.973575132637 
2658 17179.973575132637 
2659 17179.973575132637 
2660 17179.973575132637 
2661 17179.973575132637 
2662 17179.973575132637 
2663 17179.973575132637 
2664 17179.973575132637 
2665 17179.973575132637 
2666 17179.973575132637 
2667 17179.973575132637 
2668 17179.973575132637 
2669 17179.973575132637 
2670 17179.973575132637 
2671 17179.973575132637 
2672 17179.973575132637 
2673 17179.973575132637 
2674 17179.973575132637 
2675 17179.973575132637 
2676 17179.973575132637 
2677 17179.973575132637 
2678 17179.973575132637 
2679 17179.973575132637 
2680 17179.973575132637 
2681 17179.973575132637 
2682 17179.973575132637 
2683 17179.973575132637 
2684 17179.973575132637 
2685 17179.973575132637 
2686 17179.973575132637 
2687 17179.973575132637 
2688 23290.269143084657 
2689 23290.269143084657 
2690 23290.269143084657 
2691 23290.269143084657 
2692 23290.269143084657 
2693 23290.269143084657 
2694 23290.269143084657 
2695 23290.269143084657 
2696 23290.269143084657 
2697 23290.269143084657 
2698 23290.269143084657 
2699 23290.269143084657 
2700 23290.269143084657 
2701 23290.269143084657 
2702 23290.269143084657 
2703 23290.269143084657 
2704 23290.269143084657 
2705 23290.269143084657 
2706 23290.269143084657 
2707 23290.269143084657 
2708 23290.269143084657 
2709 23290.269143084657 
2710 23290.269143084657 
2711 17483.66168088602  
2712 17483.66168088602  
2713 17483.66168088602  
2714 17483.66168088602  
2715 17483.66168088602  
2716 17483.66168088602  
2717 17483.66168088602  
2718 17483.66168088602  
2719 17483.66168088602  
2720 17483.66168088602  
2721 17483.66168088602  
2722 17483.66168088602  
2723 17483.66168088602  
2724 17483.66168088602  
2725 17483.66168088602  
2726 17483.66168088602  
2727 17483.66168088602  
2728 17483.66168088602  
2729 17483.66168088602  
2730 17483.66168088602  
2731 17483.66168088602  
2732 17483.66168088602  
2733 17483.66168088602  
2734 17483.66168088602  
2735 17483.66168088602  
2736 17483.66168088602  
2737 17483.66168088602  
2738 17483.66168088602  
2739 17483.66168088602  
2740 17483.66168088602  
2741 17483.66168088602  
2742 23595.969959949914 
2743 23595.969959949914 
2744 23595.969959949914 
2745 23595.969959949914 
2746 23595.969959949914 
2747 23595.969959949914 
2748 23595.969959949914 
2749 23595.969959949914 
2750 23595.969959949914 
2751 23595.969959949914 
2752 23595.969959949914 
2753 23595.969959949914 
2754 23595.969959949914 
2755 23595.969959949914 
2756 23595.969959949914 
2757 23595.969959949914 
2758 23595.969959949914 
2759 23595.969959949914 
2760 23595.969959949914 
2761 23595.969959949914 
2762 23595.969959949914 
2763 23595.969959949914 
2764 23595.969959949914 
2765 17817.01276828625  
2766 17817.01276828625  
2767 17817.01276828625  
2768 17817.01276828625  
2769 17817.01276828625  
2770 17817.01276828625  
2771 17817.01276828625  
2772 17817.01276828625  
2773 17817.01276828625  
2774 17817.01276828625  
2775 17817.01276828625  
2776 17817.01276828625  
2777 17817.01276828625  
2778 17817.01276828625  
2779 17817.01276828625  
2780 17817.01276828625  
2781 17817.01276828625  
2782 17817.01276828625  
2783 17817.01276828625  
2784 17817.01276828625  
2785 17817.01276828625  
2786 17817.01276828625  
2787 17817.01276828625  
2788 17817.01276828625  
2789 17817.01276828625  
2790 17817.01276828625  
2791 17817.01276828625  
2792 17817.01276828625  
2793 17817.01276828625  
2794 17817.01276828625  
2795 17817.01276828625  
2796 23926.606149757037 
2797 23926.606149757037 
2798 23926.606149757037 
2799 23926.606149757037 
2800 23926.606149757037 
2801 23926.606149757037 
2802 23926.606149757037 
2803 23926.606149757037 
2804 23926.606149757037 
2805 23926.606149757037 
2806 23926.606149757037 
2807 23926.606149757037 
2808 23926.606149757037 
2809 23926.606149757037 
2810 23926.606149757037 
2811 23926.606149757037 
2812 23926.606149757037 
2813 23926.606149757037 
2814 23926.606149757037 
2815 23926.606149757037 
2816 23926.606149757037 
2817 23926.606149757037 
2818 23926.606149757037 
2819 18147.655445346718 
2820 18147.655445346718 
2821 18147.655445346718 
2822 18147.655445346718 
2823 18147.655445346718 
2824 18147.655445346718 
2825 18147.655445346718 
2826 18147.655445346718 
2827 18147.655445346718 
2828 18147.655445346718 
2829 18147.655445346718 
2830 18147.655445346718 
2831 18147.655445346718 
2832 18147.655445346718 
2833 18147.655445346718 
2834 18147.655445346718 
2835 18147.655445346718 
2836 18147.655445346718 
2837 18147.655445346718 
2838 18147.655445346718 
2839 18147.655445346718 
2840 18147.655445346718 
2841 18147.655445346718 
2842 18147.655445346718 
2843 18147.655445346718 
2844 18147.655445346718 
2845 18147.655445346718 
2846 18147.655445346718 
2847 18147.655445346718 
2848 18147.655445346718 
2849 18147.655445346718 
2850 24256.691365481056 
2851 24256.691365481056 
2852 24256.691365481056 
2853 24256.691365481056 
2854 24256.691365481056 
2855 24256.691365481056 
2856 24256.691365481056 
2857 24256.691365481056 
2858 24256.691365481056 
2859 24256.691365481056 
2860 24256.691365481056 
2861 24256.691365481056 
2862 24256.691365481056 
2863 24256.691365481056 
2864 24256.691365481056 
2865 24256.691365481056 
2866 24256.691365481056 
2867 24256.691365481056 
2868 24256.691365481056 
2869 24256.691365481056 
2870 24256.691365481056 
2871 24256.691365481056 
2872 24256.691365481056 
2873 18477.772712599017 
2874 18477.772712599017 
2875 18477.772712599017 
2876 18477.772712599017 
2877 18477.772712599017 
2878 18477.772712599017 
2879 18477.772712599017 
2880 18477.772712599017 
2881 18477.772712599017 
2882 18477.772712599017 
2883 18477.772712599017 
2884 18477.772712599017 
2885 18477.772712599017 
2886 18477.772712599017 
2887 18477.772712599017 
2888 18477.772712599017 
2889 18477.772712599017 
2890 18477.772712599017 
2891 18477.772712599017 
2892 18477.772712599017 
2893 18477.772712599017 
2894 18477.772712599017 
2895 18477.772712599017 
2896 18477.772712599017 
2897 18477.772712599017 
2898 18477.772712599017 
2899 18477.772712599017 
2900 18477.772712599017 
2901 18477.772712599017 
2902 18477.772712599017 
2903 18477.772712599017 
2904 24554.200420582594 
2905 24554.200420582594 
2906 24554.200420582594 
2907 24554.200420582594 
2908 24554.200420582594 
2909 24554.200420582594 
2910 24554.200420582594 
2911 24554.200420582594 
2912 24554.200420582594 
2913 24554.200420582594 
2914 24554.200420582594 
2915 24554.200420582594 
2916 24554.200420582594 
2917 24554.200420582594 
2918 24554.200420582594 
2919 24554.200420582594 
2920 24554.200420582594 
2921 24554.200420582594 
2922 24554.200420582594 
2923 24554.200420582594 
2924 24554.200420582594 
2925 24554.200420582594 
2926 24554.200420582594 
2927 18747.711858677103 
2928 18747.711858677103 
2929 18747.711858677103 
2930 18747.711858677103 
2931 18747.711858677103 
2932 18747.711858677103 
2933 18747.711858677103 
2934 18747.711858677103 
2935 18747.711858677103 
2936 18747.711858677103 
2937 18747.711858677103 
2938 18747.711858677103 
2939 18747.711858677103 
2940 18747.711858677103 
2941 18747.711858677103 
2942 18747.711858677103 
2943 18747.711858677103 
2944 18747.711858677103 
2945 18747.711858677103 
2946 18747.711858677103 
2947 18747.711858677103 
2948 18747.711858677103 
2949 18747.711858677103 
2950 18747.711858677103 
2951 18747.711858677103 
2952 18747.711858677103 
2953 18747.711858677103 
2954 18747.711858677103 
2955 18747.711858677103 
2956 18747.711858677103 
2957 18747.711858677103 
2958 24826.108690900135 
2959 24826.108690900135 
2960 24826.108690900135 
2961 24826.108690900135 
2962 24826.108690900135 
2963 24826.108690900135 
2964 24826.108690900135 
2965 24826.108690900135 
2966 24826.108690900135 
2967 24826.108690900135 
2968 24826.108690900135 
2969 24826.108690900135 
2970 24826.108690900135 
2971 24826.108690900135 
2972 24826.108690900135 
2973 24826.108690900135 
2974 24826.108690900135 
2975 24826.108690900135 
2976 24826.108690900135 
2977 24826.108690900135 
2978 24826.108690900135 
2979 24826.108690900135 
2980 24826.108690900135 
2981 19047.243264532408 
2982 19047.243264532408 
2983 19047.243264532408 
2984 19047.243264532408 
2985 19047.243264532408 
2986 19047.243264532408 
2987 19047.243264532408 
2988 19047.243264532408 
2989 19047.243264532408 
2990 19047.243264532408 
2991 19047.243264532408 
2992 19047.243264532408 
2993 19047.243264532408 
2994 19047.243264532408 
2995 19047.243264532408 
2996 19047.243264532408 
2997 19047.243264532408 
2998 19047.243264532408 
2999 19047.243264532408 
3000 19047.243264532408 
3001 19047.243264532408 
3002 19047.243264532408 
3003 19047.243264532408 
3004 19047.243264532408 
3005 19047.243264532408 
3006 19047.243264532408 
3007 19047.243264532408 
3008 19047.243264532408 
3009 19047.243264532408 
3010 19047.243264532408 
3011 19047.243264532408 
3012 25123.53176398798  
3013 25123.53176398798  
3014 25123.53176398798  
3015 25123.53176398798  
3016 25123.53176398798  
3017 25123.53176398798  
3018 25123.53176398798  
3019 25123.53176398798  
3020 25123.53176398798  
3021 25123.53176398798  
3022 25123.53176398798  
3023 25123.53176398798  
3024 25123.53176398798  
3025 25123.53176398798  
3026 25123.53176398798  
3027 25123.53176398798  
3028 25123.53176398798  
3029 25123.53176398798  
3030 25123.53176398798  
3031 25123.53176398798  
3032 25123.53176398798  
3033 25123.53176398798  
3034 25123.53176398798  
3035 19372.295240049833 
3036 19372.295240049833 
3037 19372.295240049833 
3038 19372.295240049833 
3039 19372.295240049833 
3040 19372.295240049833 
3041 19372.295240049833 
3042 19372.295240049833 
3043 19372.295240049833 
3044 19372.295240049833 
3045 19372.295240049833 
3046 19372.295240049833 
3047 19372.295240049833 
3048 19372.295240049833 
3049 19372.295240049833 
3050 19372.295240049833 
3051 19372.295240049833 
3052 19372.295240049833 
3053 19372.295240049833 
3054 19372.295240049833 
3055 19372.295240049833 
3056 19372.295240049833 
3057 19372.295240049833 
3058 19372.295240049833 
3059 19372.295240049833 
3060 19372.295240049833 
3061 19372.295240049833 
3062 19372.295240049833 
3063 19372.295240049833 
3064 19372.295240049833 
3065 19372.295240049833 
3066 25474.172357440388 
3067 25474.172357440388 
3068 25474.172357440388 
3069 25474.172357440388 
3070 25474.172357440388 
3071 25474.172357440388 
3072 25474.172357440388 
3073 25474.172357440388 
3074 25474.172357440388 
3075 25474.172357440388 
3076 25474.172357440388 
3077 25474.172357440388 
3078 25474.172357440388 
3079 25474.172357440388 
3080 25474.172357440388 
3081 25474.172357440388 
3082 25474.172357440388 
3083 25474.172357440388 
3084 25474.172357440388 
3085 25474.172357440388 
3086 25474.172357440388 
3087 25474.172357440388 
3088 25474.172357440388 
3089 19695.33505598555  
3090 19695.33505598555  
3091 19695.33505598555  
3092 19695.33505598555  
3093 19695.33505598555  
3094 19695.33505598555  
3095 19695.33505598555  
3096 19695.33505598555  
3097 19695.33505598555  
3098 19695.33505598555  
3099 19695.33505598555  
3100 19695.33505598555  
3101 19695.33505598555  
3102 19695.33505598555  
3103 19695.33505598555  
3104 19695.33505598555  
3105 19695.33505598555  
3106 19695.33505598555  
3107 19695.33505598555  
3108 19695.33505598555  
3109 19695.33505598555  
3110 19695.33505598555  
3111 19695.33505598555  
3112 19695.33505598555  
3113 19695.33505598555  
3114 19695.33505598555  
3115 19695.33505598555  
3116 19695.33505598555  
3117 19695.33505598555  
3118 19695.33505598555  
3119 19695.33505598555  
3120 25768.793490598244 
3121 25768.793490598244 
3122 25768.793490598244 
3123 25768.793490598244 
3124 25768.793490598244 
3125 25768.793490598244 
3126 25768.793490598244 
3127 25768.793490598244 
3128 25768.793490598244 
3129 25768.793490598244 
3130 25768.793490598244 
3131 25768.793490598244 
3132 25768.793490598244 
3133 25768.793490598244 
3134 25768.793490598244 
3135 25768.793490598244 
3136 25768.793490598244 
3137 25768.793490598244 
3138 25768.793490598244 
3139 25768.793490598244 
3140 25768.793490598244 
3141 25768.793490598244 
3142 25768.793490598244 
3143 20017.607275708506 
3144 20017.607275708506 
3145 20017.607275708506 
3146 20017.607275708506 
3147 20017.607275708506 
3148 20017.607275708506 
3149 20017.607275708506 
3150 20017.607275708506 
3151 20017.607275708506 
3152 20017.607275708506 
3153 20017.607275708506 
3154 20017.607275708506 
3155 20017.607275708506 
3156 20017.607275708506 
3157 20017.607275708506 
3158 20017.607275708506 
3159 20017.607275708506 
3160 20017.607275708506 
3161 20017.607275708506 
3162 20017.607275708506 
3163 20017.607275708506 
3164 20017.607275708506 
3165 20017.607275708506 
3166 20017.607275708506 
3167 20017.607275708506 
3168 20017.607275708506 
3169 20017.607275708506 
3170 20017.607275708506 
3171 20017.607275708506 
3172 20017.607275708506 
3173 20017.607275708506 
3174 26060.93968176917  
3175 26060.93968176917  
3176 26060.93968176917  
3177 26060.93968176917  
3178 26060.93968176917  
3179 26060.93968176917  
3180 26060.93968176917  
3181 26060.93968176917  
3182 26060.93968176917  
3183 26060.93968176917  
3184 26060.93968176917  
3185 26060.93968176917  
3186 26060.93968176917  
3187 26060.93968176917  
3188 26060.93968176917  
3189 26060.93968176917  
3190 26060.93968176917  
3191 26060.93968176917  
3192 26060.93968176917  
3193 26060.93968176917  
3194 26060.93968176917  
3195 26060.93968176917  
3196 26060.93968176917  
3197 20282.14639191758  
3198 20282.14639191758  
3199 20282.14639191758  
3200 20282.14639191758  
3201 20282.14639191758  
3202 20282.14639191758  
3203 20282.14639191758  
3204 20282.14639191758  
3205 20282.14639191758  
3206 20282.14639191758  
3207 20282.14639191758  
3208 20282.14639191758  
3209 20282.14639191758  
3210 20282.14639191758  
3211 20282.14639191758  
3212 20282.14639191758  
3213 20282.14639191758  
3214 20282.14639191758  
3215 20282.14639191758  
3216 20282.14639191758  
3217 20282.14639191758  
3218 20282.14639191758  
3219 20282.14639191758  
3220 20282.14639191758  
3221 20282.14639191758  
3222 20282.14639191758  
3223 20282.14639191758  
3224 20282.14639191758  
3225 20282.14639191758  
3226 20282.14639191758  
3227 20282.14639191758  
3228 26356.571031544932 
3229 26356.571031544932 
3230 26356.571031544932 
3231 26356.571031544932 
3232 26356.571031544932 
3233 26356.571031544932 
3234 26356.571031544932 
3235 26356.571031544932 
3236 26356.571031544932 
3237 26356.571031544932 
3238 26356.571031544932 
3239 26356.571031544932 
3240 26356.571031544932 
3241 26356.571031544932 
3242 26356.571031544932 
3243 26356.571031544932 
3244 26356.571031544932 
3245 26356.571031544932 
3246 26356.571031544932 
3247 26356.571031544932 
3248 26356.571031544932 
3249 26356.571031544932 
3250 26356.571031544932 
3251 20605.400559305494 
3252 20605.400559305494 
3253 20605.400559305494 
3254 20605.400559305494 
3255 20605.400559305494 
3256 20605.400559305494 
3257 20605.400559305494 
3258 20605.400559305494 
3259 20605.400559305494 
3260 20605.400559305494 
3261 20605.400559305494 
3262 20605.400559305494 
3263 20605.400559305494 
3264 20605.400559305494 
3265 20605.400559305494 
3266 20605.400559305494 
3267 20605.400559305494 
3268 20605.400559305494 
3269 20605.400559305494 
3270 20605.400559305494 
3271 20605.400559305494 
3272 20605.400559305494 
3273 20605.400559305494 
3274 20605.400559305494 
3275 20605.400559305494 
3276 20605.400559305494 
3277 20605.400559305494 
3278 20605.400559305494 
3279 20605.400559305494 
3280 20605.400559305494 
3281 20605.400559305494 
3282 26645.665716238593 
3283 26645.665716238593 
3284 26645.665716238593 
3285 26645.665716238593 
3286 26645.665716238593 
3287 26645.665716238593 
3288 26645.665716238593 
3289 26645.665716238593 
3290 26645.665716238593 
3291 26645.665716238593 
3292 26645.665716238593 
3293 26645.665716238593 
3294 26645.665716238593 
3295 26645.665716238593 
3296 26645.665716238593 
3297 26645.665716238593 
3298 26645.665716238593 
3299 26645.665716238593 
3300 26645.665716238593 
3301 26645.665716238593 
3302 26645.665716238593 
3303 26645.665716238593 
3304 26645.665716238593 
3305 20894.517087310967 
3306 20894.517087310967 
3307 20894.517087310967 
3308 20894.517087310967 
3309 20894.517087310967 
3310 20894.517087310967 
3311 20894.517087310967 
3312 20894.517087310967 
3313 20894.517087310967 
3314 20894.517087310967 
3315 20894.517087310967 
3316 20894.517087310967 
3317 20894.517087310967 
3318 20894.517087310967 
3319 20894.517087310967 
3320 20894.517087310967 
3321 20894.517087310967 
3322 20894.517087310967 
3323 20894.517087310967 
3324 20894.517087310967 
3325 20894.517087310967 
3326 20894.517087310967 
3327 20894.517087310967 
3328 20894.517087310967 
3329 20894.517087310967 
3330 20894.517087310967 
3331 20894.517087310967 
3332 20894.517087310967 
3333 20894.517087310967 
3334 20894.517087310967 
3335 20894.517087310967 
3336 26967.30205101052  
3337 26967.30205101052  
3338 26967.30205101052  
3339 26967.30205101052  
3340 26967.30205101052  
3341 26967.30205101052  
3342 26967.30205101052  
3343 26967.30205101052  
3344 26967.30205101052  
3345 26967.30205101052  
3346 26967.30205101052  
3347 26967.30205101052  
3348 26967.30205101052  
3349 26967.30205101052  
3350 26967.30205101052  
3351 26967.30205101052  
3352 26967.30205101052  
3353 26967.30205101052  
3354 26967.30205101052  
3355 26967.30205101052  
3356 26967.30205101052  
3357 26967.30205101052  
3358 26967.30205101052  
3359 21216.166833125302 
3360 21216.166833125302 
3361 21216.166833125302 
3362 21216.166833125302 
3363 21216.166833125302 
3364 21216.166833125302 
3365 21216.166833125302 
3366 21216.166833125302 
3367 21216.166833125302 
3368 21216.166833125302 
3369 21216.166833125302 
3370 21216.166833125302 
3371 21216.166833125302 
3372 21216.166833125302 
3373 21216.166833125302 
3374 21216.166833125302 
3375 21216.166833125302 
3376 21216.166833125302 
3377 21216.166833125302 
3378 21216.166833125302 
3379 21216.166833125302 
3380 21216.166833125302 
3381 21216.166833125302 
3382 21216.166833125302 
3383 21216.166833125302 
3384 21216.166833125302 
3385 21216.166833125302 
3386 21216.166833125302 
3387 21216.166833125302 
3388 21216.166833125302 
3389 21216.166833125302 
3390 27259.606657556953 
3391 27259.606657556953 
3392 27259.606657556953 
3393 27259.606657556953 
3394 27259.606657556953 
3395 27259.606657556953 
3396 27259.606657556953 
3397 27259.606657556953 
3398 27259.606657556953 
3399 27259.606657556953 
3400 27259.606657556953 
3401 27259.606657556953 
3402 27259.606657556953 
3403 27259.606657556953 
3404 27259.606657556953 
3405 27259.606657556953 
3406 27259.606657556953 
3407 27259.606657556953 
3408 27259.606657556953 
3409 27259.606657556953 
3410 27259.606657556953 
3411 27259.606657556953 
3412 27259.606657556953 
3413 21508.50538851448  
3414 21508.50538851448  
3415 21508.50538851448  
3416 21508.50538851448  
3417 21508.50538851448  
3418 21508.50538851448  
3419 21508.50538851448  
3420 21508.50538851448  
3421 21508.50538851448  
3422 21508.50538851448  
3423 21508.50538851448  
3424 21508.50538851448  
3425 21508.50538851448  
3426 21508.50538851448  
3427 21508.50538851448  
3428 21508.50538851448  
3429 21508.50538851448  
3430 21508.50538851448  
3431 21508.50538851448  
3432 21508.50538851448  
3433 21508.50538851448  
3434 21508.50538851448  
3435 21508.50538851448  
3436 21508.50538851448  
3437 21508.50538851448  
3438 21508.50538851448  
3439 21508.50538851448  
3440 21508.50538851448  
3441 21508.50538851448  
3442 21508.50538851448  
3443 21508.50538851448  
3444 27551.077672677686 
3445 27551.077672677686 
3446 27551.077672677686 
3447 27551.077672677686 
3448 27551.077672677686 
3449 27551.077672677686 
3450 27551.077672677686 
3451 27551.077672677686 
3452 27551.077672677686 
3453 27551.077672677686 
3454 27551.077672677686 
3455 27551.077672677686 
3456 27551.077672677686 
3457 27551.077672677686 
3458 27551.077672677686 
3459 27551.077672677686 
3460 27551.077672677686 
3461 27551.077672677686 
3462 27551.077672677686 
3463 27551.077672677686 
3464 27551.077672677686 
3465 27551.077672677686 
3466 27551.077672677686 
3467 21799.975780126    
3468 21799.975780126    
3469 21799.975780126    
3470 21799.975780126    
3471 21799.975780126    
3472 21799.975780126    
3473 21799.975780126    
3474 21799.975780126    
3475 21799.975780126    
3476 21799.975780126    
3477 21799.975780126    
3478 21799.975780126    
3479 21799.975780126    
3480 21799.975780126    
3481 21799.975780126    
3482 21799.975780126    
3483 21799.975780126    
3484 21799.975780126    
3485 21799.975780126    
3486 21799.975780126    
3487 21799.975780126    
3488 21799.975780126    
3489 21799.975780126    
3490 21799.975780126    
3491 21799.975780126    
3492 21799.975780126    
3493 21799.975780126    
3494 21799.975780126    
3495 21799.975780126    
3496 21799.975780126    
3497 21799.975780126    
3498 27842.5190484859   
3499 27842.5190484859   
3500 27842.5190484859   
3501 27842.5190484859   
3502 27842.5190484859   
3503 27842.5190484859   
3504 27842.5190484859   
3505 27842.5190484859   
3506 27842.5190484859   
3507 27842.5190484859   
3508 27842.5190484859   
3509 27842.5190484859   
3510 27842.5190484859   
3511 27842.5190484859   
3512 27842.5190484859   
3513 27842.5190484859   
3514 27842.5190484859   
3515 27842.5190484859   
3516 27842.5190484859   
3517 27842.5190484859   
3518 27842.5190484859   
3519 27842.5190484859   
3520 27842.5190484859   
3521 22091.42566292918  
3522 22091.42566292918  
3523 22091.42566292918  
3524 22091.42566292918  
3525 22091.42566292918  
3526 22091.42566292918  
3527 22091.42566292918  
3528 22091.42566292918  
3529 22091.42566292918  
3530 22091.42566292918  
3531 22091.42566292918  
3532 22091.42566292918  
3533 22091.42566292918  
3534 22091.42566292918  
3535 22091.42566292918  
3536 22091.42566292918  
3537 22091.42566292918  
3538 22091.42566292918  
3539 22091.42566292918  
3540 22091.42566292918  
3541 22091.42566292918  
3542 22091.42566292918  
3543 22091.42566292918  
3544 22091.42566292918  
3545 22091.42566292918  
3546 22091.42566292918  
3547 22091.42566292918  
3548 22091.42566292918  
3549 22091.42566292918  
3550 22091.42566292918  
3551 22091.42566292918  
3552 28130.714560562068 
3553 28130.714560562068 
3554 28130.714560562068 
3555 28130.714560562068 
3556 28130.714560562068 
3557 28130.714560562068 
3558 28130.714560562068 
3559 28130.714560562068 
3560 28130.714560562068 
3561 28130.714560562068 
3562 28130.714560562068 
3563 28130.714560562068 
3564 28130.714560562068 
3565 28130.714560562068 
3566 28130.714560562068 
3567 28130.714560562068 
3568 28130.714560562068 
3569 28130.714560562068 
3570 28130.714560562068 
3571 28130.714560562068 
3572 28130.714560562068 
3573 28130.714560562068 
3574 28130.714560562068 
3575 22379.641077338038 
3576 22379.641077338038 
3577 22379.641077338038 
3578 22379.641077338038 
3579 22379.641077338038 
3580 22379.641077338038 
3581 22379.641077338038 
3582 22379.641077338038 
3583 22379.641077338038 
3584 22379.641077338038 
3585 22379.641077338038 
3586 22379.641077338038 
3587 22379.641077338038 
3588 22379.641077338038 
3589 22379.641077338038 
3590 22379.641077338038 
3591 22379.641077338038 
3592 22379.641077338038 
3593 22379.641077338038 
3594 22379.641077338038 
3595 22379.641077338038 
3596 22379.641077338038 
3597 22379.641077338038 
3598 22379.641077338038 
3599 22379.641077338038 
