2     9500                226    5922.775267550266   2    9500               
3     9500                280    6226.937254333477   3    9500               
4     9500                334    6475.763983299067   4    9500               
5     9500                388    6641.54976992163    5    9500               
6     9500                442    6751.837527640622   6    9500               
7     9500                496    6779.122048125125   7    9500               
8     9367.96733212341    550    6751.076014771677   8    9367.96733212341   
10    4180.133245976635   604    6695.37611762867    10   4180.133245976635  
64    4622.798485890064   658    6750.448990197667   64   4622.798485890064  
118   5065.403723205226   712    6639.498149256207   118  5065.403723205226  
172   244.25148087133127  766    6583.867232205746   172  5263.697212804668  
172   5263.697212804668   820    6500.6050530043585  
226   5922.775267550266   874    6417.373609321567   
280   6226.937254333477   928    6361.807683228569   
334   6475.763983299067   982    6278.629427683314   
388   6641.54976992163    1036   6250.749451766696   
442   6751.837527640622   1090   6195.255906039825   
496   6779.122048125125   1144   6139.773860948038   
550   6751.076014771677   1198   6084.318334327104   
604   6695.37611762867    1252   6084.145618937083   
658   6750.448990197667   1306   6028.720820419438   
712   6639.498149256207   1360   6028.574099626031   
766   6583.867232205746   1414   5973.175319875449   
820   6500.6050530043585  1468   5973.050314428732   
874   6417.373609321567   1522   5972.944175004858   
928   6361.807683228569   1576   5945.201560654767   
982   6278.629427683314   1630   5917.482786346215   
1036  6250.749451766696   1684   5917.392662783434   
1090  6195.255906039825   1738   5917.3149969437445  
1144  6139.773860948038   1792   5889.608482507127   
1198  6084.318334327104   1846   5889.547222097697   
1252  6084.145618937083   1900   5889.476220797736   
1306  6028.720820419438   1954   5861.790964625527   
1360  6028.574099626031   2008   5861.720335894894   
1414  5973.175319875449   2062   5861.6746635624895  
1468  5973.050314428732   2116   5861.619627555591   
1522  5972.944175004858   2170   5861.58091509987    
1576  5945.201560654767   2224   5861.5304157755445  
1630  5917.482786346215   2278   5861.494454946948   
1684  5917.392662783434   2332   5861.448355450228   
1738  5917.3149969437445  2386   5861.418591738275   
1792  5889.608482507127    
1846  5889.547222097697    
1900  5889.476220797736    
1954  5861.790964625527    
2008  5861.720335894894    
2062  5861.6746635624895   
2116  5861.619627555591    
2170  5861.58091509987     
2224  5861.5304157755445   
2278  5861.494454946948    
2332  5861.448355450228    
2386  5861.418591738275    
